"X1";"X2";"X3";"X4";"X5";"X6";"X7";"X8";"X9";"X10";"Y"
0.0187461709418264;-1.30787947805382;-5.45165109722018;-1.64832501958752;1.48937715753706;0.254696813091578;3.11375576476723;0.0407010712669982;-0.668125162223393;0.730829582634201;"YES"
-0.599167715783718;-2.89389894293686;1.59313809278419;0.14028277990602;-1.93945989301165;0.134106093906313;-0.38126009501469;-0.911898028697348;0.553555986942815;-1.2072726139529;"YES"
0.294545126567508;0.468712618308532;9.78906794383014;-0.220394900535199;1.26944728572263;-0.136507709787607;-1.34984938618696;-1.21149136295192;1.5825656174001;0.3551402118699;"NO"
0.389794300700167;0.978219027971977;5.12376018823796;0.0878289584773553;1.23671446405265;-0.798276094540319;-1.98237602607545;0.380913743664407;0.846429045222586;-1.45821091787007;"NO"
-1.20807617542949;-1.35422025695137;-3.63040017179682;0.722080483503999;-1.82825251559922;1.02864854068048;1.96382271604367;0.751109249182531;-0.626421128202539;0.142227189553378;"YES"
-0.363676017470862;-1.08689907119948;11.1025659863558;1.43064449362303;0.302551136282036;-0.567895605205858;-0.714089637564798;0.770373752117736;1.57127511121381;-1.1847661567963;"NO"
-0.256478394123992;-0.72113730642748;-4.23200675916136;1.44916363987653;-0.195621788871187;2.28998407312476;5.02745670728648;-0.877458672302495;-1.0221766403827;-1.3991243208747;"YES"
0.755781508027337;2.98419218225017;-4.7189329515917;0.798394452429698;0.32026126965473;0.390992286306111;3.78693201521952;-0.0748882306576432;-0.503684182556349;-0.367648288185461;"NO"
0.98744470341339;0.41538594140341;6.6658623040305;1.0285854750943;0.178700617560692;1.2135127939438;1.61853846911695;1.35702625921064;1.0478139582602;1.15464609152726;"YES"
0.0893472664958216;-3.28790909391611;2.88333633260142;-1.20185070025465;-0.132141714281981;0.645313392700997;1.22991403185312;-0.139008054367833;0.557470162853175;-1.67977863077916;"YES"
-0.954943856152377;-0.591980840922858;1.32488341703745;-0.0257477475447761;-0.0677709408241765;-0.9449180203279;-2.0621689241847;0.572924875756186;0.459068235566606;1.5263692420393;"YES"
-0.195150384667239;-0.336590692311639;8.84209570374387;3.08620274252872;-1.16538178044015;1.50444665140891;1.12028627698742;-0.042528468020651;1.63574332015276;-0.565748576612191;"YES"
0.92552126209408;3.37028556237878;-2.82849083339032;-1.91317176325683;-0.444220885115775;0.375447852294835;0.369419824460372;0.63061912382425;-0.777493544968532;-0.0718312167376414;"NO"
-0.596310636720207;1.9436075344333;11.5873554524187;1.57448573004498;1.73785878719531;1.38702629884842;2.43671424837851;-1.01676244937181;2.07584683920144;-0.0460714449584346;"NO"
-2.18528683816953;-6.17046240580487;-8.462574558295;-0.684818862087096;-1.63509674965374;-0.598182554493112;0.283494734138763;1.54341153578235;-1.17485390967978;-2.36539930037201;"YES"
-0.674865937875116;1.03472542468487;-0.326625441051347;-0.526630668753457;-0.00218748468818587;0.768942220290247;2.40139812130486;-1.68595984399851;-0.00350552859305921;0.21364273691792;"YES"
-1.2651980215309;-2.52298937781959;-1.2724219720752;1.22437140455464;0.796865052707139;-0.855765745258126;0.73538033506092;0.371409446078807;-0.0909565513914516;-0.0860129168669742;"YES"
-0.87215882671769;-2.63915490638248;5.87961843765262;-2.45169432541489;0.767232088017057;1.90644292432124;2.64612423989965;-1.78894878606794;0.726919625041878;-0.374177889230404;"YES"
-0.101761006224816;0.984782892999841;-6.10453767668295;-0.695484955381432;-1.30142225992857;-1.06200169058635;-2.29081743530013;0.341328365271931;-0.999403327592186;0.490213161544019;"NO"
-1.85374045447914;-2.59907300331509;-7.81521378703637;1.67982902976131;0.655073742941868;-2.02136704149037;-3.10993081970111;-0.230365533273832;-1.5276918134184;-0.707026231040972;"NO"
-0.0779460660753655;0.322548469495742;-2.49199120373744;-0.261451479016199;0.744557637440514;0.132785968490092;1.0311741598454;-0.459997804628705;-0.628274479062629;-0.276437895382465;"NO"
0.96856634052454;3.55137921176709;-8.32229574368818;-1.2550428946198;0.214606196560853;0.801652880597652;0.939968977809323;0.210273524297509;-1.56897808415332;-1.46986702157289;"YES"
0.184925959990315;-0.05638466075174;-6.76245670066236;-0.798833321255812;2.05942767373304;-0.727271331171265;-0.825354791135896;1.78457262617384;-1.31120165319921;1.25850323307295;"YES"
0.362087228606606;-1.86479521150584;-10.3581864808268;-1.20918071206783;-1.00156046581964;9.95795953615303;1.20485134209716;-0.917047145428663;-2.05145391065416;3.85780321701751;"YES"
-1.75908675375971;-4.87205022716495;1.88957858876233;-0.905133727521865;-0.778075726714337;-0.43026568222653;-1.81167825574311;-1.6546960353918;0.305366761257654;1.71298175811378;"YES"
-0.762544880031294;-4.46374452281328;14.2479408896113;0.820443413828507;-0.401009887943515;-0.683429374334515;-1.55757572269141;0.705933157427451;2.45227259767504;-0.802048573403945;"NO"
0.834473903088453;4.52426900719837;2.20336634168088;-0.72570836699641;1.80763203598779;-2.25690838374347;-3.8963492245052;-0.979364704374516;0.5658761507508;0.276812758945201;"YES"
-0.96765198675991;-1.00156307833871;-3.92473767522354;-0.315600584154919;0.92240697244425;-1.17315769473805;-1.66192323404962;0.619432956517242;-0.741232374915597;-0.710812604198315;"NO"
-0.0288153354758646;2.92874998241874;1.91630830494743;-0.375201068513063;-0.096428481876907;-0.446458315044255;-0.948366581412971;-0.452031278587778;0.885734985870683;0.661751837041632;"NO"
0.232525152575391;0.00682471788860028;-6.45726063843256;0.0990980906067307;0.834029843172608;0.0163220643993971;1.70446904055309;2.47273762859602;-1.03565878664836;0.914382183262387;"NO"
-0.301208681504178;-0.738683715809494;7.34281072057205;0.0104592871206099;0.395457280628551;0.402132521065238;1.14112005492676;-1.61722595393394;0.941085538897287;-1.44286997426128;"YES"
-0.677614583149334;-1.63147134362556;-4.4221942940984;1.21605342271473;0.449183032455734;1.57952212818904;1.70517894772475;-0.871361233415386;-0.623145888284619;1.06082191463414;"YES"
-0.334556565073352;2.43033890345015;-2.10317815520527;-1.96918435250957;0.191591179309395;0.520504769735677;0.510919638844847;-0.0792068360840542;-0.148169467067903;0.760215601017715;"YES"
1.36795395319196;1.89253732637019;-2.8741201590746;0.388187394443625;0.978088014225632;0.351092084878815;0.810033343060859;0.177362450599167;-0.545791305501242;-0.7594361559783;"NO"
2.13776710365012;6.18910747507663;-3.9772701211921;-0.414374794108648;-1.50012832227612;-2.65255405886288;-0.518600877440869;-0.421043692909871;-0.228562425898618;1.0329245696581;"NO"
0.505819264529025;-0.559720411434422;2.83361077869387;0.00718195488434387;-2.35059436318475;-1.16926941401107;-0.264594085850592;-0.69755756367545;0.825124747067864;0.56493144799283;"YES"
0.532896992328326;2.4695877748696;1.97795148078949;1.10243008648968;1.20299344006442;-0.674908087626403;-0.277095233275368;-0.844421374429713;-0.0108771431832395;-0.611698908100224;"YES"
-0.645894253549207;0.41705619700271;1.81777741362572;-1.41527166568026;-1.11711574738593;1.22613913861028;1.43362845195697;0.327131363071356;0.0735987180271982;0.39691163635969;"NO"
0.290987488429766;3.08940312784852;-3.50626788032378;-2.27429449350165;-0.17232809473973;2.37368069471251;1.2487961576773;-0.110379999238556;-0.388092439784755;-0.237305168124776;"YES"
-1.23759446887722;-5.15755224790172;-0.652308683637347;0.210156690964187;-1.31426484768949;-0.561746594990104;-0.466282252664386;-0.0583199778887433;-0.252097657226374;0.605781545328624;"YES"
-0.456176275117809;2.13451122789725;-1.9406304696264;-0.841768233850288;-0.109653560623266;0.659908224937192;0.858852322765602;0.999436206485583;-0.552987463538843;-0.0559507586816885;"NO"
-0.830322654724733;-2.71536180894029;0.0522384887713167;-1.0212866119976;-0.29280094378547;-0.959548027845405;-0.279955296958282;1.33368607886131;-0.0553654034512117;-0.348136358888464;"YES"
1.06637639568217;2.89210498758542;2.43472915446777;-0.763987344715413;0.409133637776905;0.156631264999241;0.555342693195629;-0.425104325442526;0.112203853137395;-0.0860212698013904;"NO"
1.2161258380798;1.2022590177353;-1.40122387290745;2.41983359613162;-0.822658546707105;1.81250875081195;3.19907098702577;0.0587586181100006;-0.11332571832894;-1.69696924833707;"YES"
0.735690657633052;-1.52688917718008;2.7294775737412;0.130395047941882;1.32203541187312;-0.595576509839445;0.365866233481946;2.1999587618742;0.559620359490766;-0.777432581426715;"NO"
-0.48120861731558;-1.68135612180862;0.17259794684812;-0.203721278298691;0.447468326606336;-1.15216311920038;0.289678974273285;-1.21139672264816;-0.210011876330401;0.531897855654334;"YES"
0.562744762858116;1.2517593821996;-6.35762185960666;0.559149346715492;0.508215420999582;0.0900504844914786;1.66590486284265;-0.259596651857301;-0.737351990530811;1.56496186471835;"NO"
0.380922212625677;-0.620069073010251;4.15451145632927;1.58790305858569;-0.256174764712698;-1.12455305706897;-0.583769106011529;2.38352701424795;0.700249951541685;0.976317136086735;"NO"
-1.43042725279669;-2.36518025039542;-9.67073264354816;-0.620825566953815;0.801069498080216;10.0437396926545;-1.10951245516664;0.49667399090014;-1.72856310138634;5.75730668053194;"NO"
-0.218503550534591;0.215264541184866;-8.61990421390265;0.844194000210228;1.23458439889434;-0.912902643563067;-1.99622725387728;-0.734798134217218;-1.50349031537571;-1.87319015876971;"NO"
-1.48993623673554;-3.06045641249685;-0.330603640411153;0.114029341694296;-0.481347651165428;0.634350571321582;-1.41504578765484;-0.0839645434357432;-0.113057132450242;-0.168707221963068;"YES"
-1.47982702157166;-1.00438569450992;12.0639003392087;0.804825090712383;-0.19360109334353;0.376034460798317;-0.735261448749145;-0.249555708403573;1.70638292890373;1.25561129598212;"NO"
-0.430387816077224;0.296909031155343;8.94233850059055;0.301744819685823;1.47056388884748;-1.29634175029209;-1.99334466316973;1.30375247614762;1.39455016380636;-0.467350705313125;"YES"
-1.05163864204345;-0.524488891125427;-2.04788130556778;-0.38287376193347;-0.68364413713784;-0.6023166669148;-0.680319552962735;1.1444535300712;-0.094300345529932;1.173514128692;"YES"
1.5225863440541;0.930115177112631;5.28428670885945;-0.792722219789041;-0.0123250160806363;1.56615606891631;4.5945222903656;-1.17791397931317;0.919927679025783;1.85266035994612;"YES"
0.59282805458608;2.67963299383879;3.52713471824505;0.60751239554638;0.173480249124005;-0.668629040555695;-0.24039735287157;1.68381052583489;0.153971982312153;-1.97230312597122;"NO"
0.716600833741054;-0.625202509232512;3.42497614238549;0.832344729871359;-0.448375293423593;0.303597019393145;-0.188182267008484;-0.420890539492151;0.264727833113563;-0.0364632953206076;"NO"
0.440241864384138;-2.43139593943869;-3.75100611240544;-0.25448235204941;-0.310051806584565;0.81160485143079;-0.17927585205537;-0.627130071830008;-0.823741761226779;0.427059731032355;"NO"
0.659764138331946;0.339438160435724;-0.262952606375034;0.775516883113103;-1.10508888594004;0.0191996638327526;-0.413386075893322;1.29729227188065;-0.0986130931875867;-0.266708108617675;"NO"
2.22051966293556;4.01401749683852;4.24689392464589;-0.598385452280834;-0.277907249955316;-0.258797072869258;-0.639556558175914;-0.311204791968072;0.929431591858995;0.0806602822942113;"NO"
-1.1839450740654;-2.9483145535982;-3.33997297863803;1.47519159913765;1.34761200180236;-0.0217003102421693;-2.25406716954782;-0.103235710499541;-0.66660223594932;-1.4123428957401;"NO"
-0.0739558344974904;0.432130792974128;-2.69579785051318;0.866268268572968;0.719657290518998;0.419934405544068;1.15402774536653;1.80698884991544;-0.227702204085812;1.1218141226269;"YES"
-0.416354674886519;1.56787692753625;-0.101519102829688;-0.671507752684238;-0.07950563882744;-0.0884251224498432;1.9563179206084;0.472810328205632;0.196534763117128;-0.729809187218759;"NO"
-0.191482343752627;2.13876774614497;-6.04435888646144;0.129030082961392;0.214732200902843;-0.424762897049779;-1.23154223909278;0.517503100161251;-0.759894565056449;-0.630221984820234;"NO"
0.0695447814074023;-1.63632001952608;-1.08547167649305;0.00678986265768556;0.0442938836333716;-1.1717757496298;-0.398035538645622;-0.750609299121502;-0.0181925118512014;-0.475756225355685;"YES"
-1.60667724535804;-0.274318874997674;-4.79909828285152;0.842080835974628;0.215795504599057;-0.433101524906646;0.964389980088569;0.169953404844899;-0.684337011434325;-1.16757979193895;"NO"
0.892925899563175;1.7973206073255;-1.31885445685588;-0.757443722859013;-0.594081683661156;-0.248100527422341;-2.17310194233862;2.23208910149774;-0.355036142890212;0.387541786305234;"NO"
1.22702839010139;1.55231662247425;-3.92972765306918;-0.805846627145823;0.611733062530893;-1.09050504306519;-1.27884625668575;-0.0163816630830962;-0.602636022542766;-0.65235269282607;"NO"
-0.761804339178029;0.0880804312632077;-0.511486158775757;0.305257889770312;0.888350495286952;0.641448419712721;1.29027137630391;1.01154691060216;-0.239585205247328;-0.860326445196801;"NO"
0.419375405889908;1.22964756441805;-3.5126838671879;0.353223002065503;-1.10873967175493;1.592892911058;2.32731754218537;-0.275344854165031;-0.484177933024646;-0.0538208130335302;"YES"
-1.03994336463235;-2.55129469952258;-4.88282997182586;-0.341506995429055;-1.48007963153779;-0.0483659168260421;-0.147532243145055;0.135936315179948;-1.07708093600164;0.517580314325433;"NO"
0.711573965992631;0.298702788760645;-6.60348509961039;0.514599555258728;0.422531508960742;0.95742217836199;-0.510529090224739;2.97266570275604;-1.2511519114933;0.452022027383894;"YES"
0.660986685831601;2.73185348808326;-5.18149459827394;0.625263609207534;0.418593510432848;0.160492220231797;1.39960425154769;-0.135405376622417;-0.915266431907283;-0.463537336676177;"NO"
-1.65805085732545;-0.303071040777873;1.80178255286307;-0.436287968506061;2.30146027874758;8.98771805299954;0.266743608875;-0.993059377237629;0.774728915092347;5.07727564368139;"YES"
1.12795361401459;1.72965559330738;2.03325991899656;-0.707972322401794;0.570994338371516;-0.393706513908832;-0.243608253964181;0.260812857574352;0.218542049303904;-0.142251010557937;"NO"
-1.28015460342218;-4.1013801039745;-0.530185164070641;-0.960771678527535;1.29967815382362;-0.187099529595365;-0.719918348902498;-0.702202142668809;0.0273935654888416;-0.315072818346271;"YES"
-0.464134527164978;-0.220479855154541;1.76357129006419;0.605671906516651;1.52065054559739;0.28501657961841;1.0913265142358;0.955698503300416;0.397351084481819;-0.365785964187589;"YES"
-0.315760209531366;1.40688931243444;1.84987698425271;0.625085276461865;-0.658108768588629;-2.91720600122427;-2.15279281461152;1.45777097281019;-0.0963787995397917;0.526396764427977;"YES"
0.924293146834949;2.69483919769536;-1.01465818862224;0.785824516592828;-0.188098947656654;-1.02856317708608;-2.14007729442208;-1.10850255802979;0.011154229612246;0.436965967467192;"YES"
0.74188620673818;3.20447768506704;-6.61390375176675;-1.06069697918658;1.52136649656061;0.972247336015145;2.35155651150425;-0.724228313084412;-1.15625844725995;0.259629894704844;"NO"
1.25554485828952;2.67098677797016;-3.42458808338725;0.708382227370354;-0.667226361888637;-0.582668450931889;0.645796994912579;0.229820780122949;-0.617982229387819;-0.630725940744875;"NO"
0.950918966456178;0.726862947399422;-2.21832556011579;1.16459318704596;-0.827779148714529;0.742142668970812;1.12255163651231;0.545640520653363;-0.357183803102188;-0.322524448057085;"YES"
-0.481365607273294;0.899068526069473;-1.97729710221134;-1.74172051406269;-0.415743937089355;-0.374041777674498;-2.31743954791863;0.723033209187943;0.0443053909444806;-0.320096879127693;"YES"
-0.0317397438377262;2.50246789467941;2.3290753954243;-0.645946645596137;-1.77973675577368;-0.658028800463518;0.202533316141581;0.224220518347908;0.258893227026822;-1.5565305306615;"YES"
-1.19558030033457;-3.03712206275364;-0.422964613814562;-0.526254353110891;0.390121217377137;0.254650453439654;0.0326458797501731;-1.25562364003604;0.0505897639603313;-0.0269289462785633;"YES"
0.623681236848433;-0.318981897693723;10.2296163547338;0.0134286315754246;0.754018576382694;0.724835276117231;1.63633685852859;0.38998232233042;1.53622215514151;1.65397154516442;"NO"
-0.91480448366691;-1.02323968046303;4.3619883265927;-0.63351306366705;1.16623794939202;-1.45598621742721;0.460577446881716;-0.719127688068701;0.917610205740134;1.34992621117993;"YES"
0.248758007708097;-0.506862965309149;10.8929642106027;-0.77618738631265;-1.77003062092275;-0.620762899288569;0.0124601607181603;0.661799854723208;1.71897558739091;2.81511327441043;"NO"
-1.06262279318038;-1.16703716920329;-0.155579085848647;0.516937110190634;1.55976421902239;-1.29069466227098;-1.24903506694184;1.18031560929154;0.140070988519177;-2.07261551742023;"YES"
-0.363982247195756;-3.31394924613036;-0.22667532033131;-0.845344699955552;-1.57627609921479;-0.167938084039121;-2.00237647796109;0.271561594469252;0.393306828733348;-0.470261757582383;"NO"
-1.20699485337827;-5.02763482726791;-2.35135467408389;0.829524954832178;-1.10272338727579;0.816087678777286;2.09003482368856;-0.4603442948815;-0.680972215506426;-0.259828909484074;"NO"
1.42921278138977;3.89313182270403;2.25822308595206;-0.0878158526679279;-1.36765807890335;-0.952794834802153;-1.69446900133146;0.115793969546623;0.202993866857503;-0.987469705551582;"NO"
-0.681832173096207;-4.38803271951257;-16.7532025198285;1.08280499918703;-1.11326792721959;-2.22376221790822;-1.76337683885724;-1.12398515300286;-2.38416205023205;-0.703338551179952;"NO"
-0.460055479310703;0.898757696644138;-3.27286605807951;-1.22512595842541;0.711732936224916;-1.19362301409787;0.224900859175572;1.63131118995819;-0.577439182182917;-0.550687129827991;"NO"
-0.983069194147765;-0.165396340062621;-9.66019971721799;1.68004998161005;0.765126474042235;-0.395521766634532;-1.34189586671943;0.344276818251756;-1.00911735442048;-1.3559029448224;"NO"
0.495331712888337;2.53876591467983;0.286371663800618;-1.47379396723977;0.237712966544576;-1.91068977469597;-1.35416406357262;0.377256200880593;-0.313253453258308;0.948089117238473;"YES"
0.667298731892919;4.49970773445475;0.137452835378866;-0.845803857842535;-0.739082272955005;1.50329711110201;1.84049553912471;0.165772023034173;0.349518387700391;0.143466450558319;"YES"
0.954786436466587;-0.271141897286759;6.69875290896341;0.0972477532627164;-0.147296280538258;1.52931246016226;2.78873802126722;-0.880104137141136;1.33575856630729;0.0853354754253294;"YES"
-1.67533217929194;-4.22532013077986;0.285216934960251;-2.00485261679628;-0.847492624420121;2.54861773166379;0.721826150510269;-0.867095370538807;0.338631270699095;0.0646175883319044;"YES"
-1.96325248922053;-5.13697743156242;-2.61164427458065;-1.81283770383437;0.994387535678726;0.163382765085996;0.36991893803307;1.45592987483586;-0.18778798704754;-0.396398297232181;"YES"
0.372472338550601;1.86430943006081;4.44953826805223;-1.08394770137862;0.771575996264042;-1.27567165254563;-0.672719289053422;-0.844194462712305;0.513463013679847;-0.191455516618249;"NO"
1.06587933403768;1.15124907607874;0.312318138245469;-0.687411741794619;-2.71014177696735;-1.59995364101174;-1.6895266095218;-0.252846172210417;-0.0498644290202163;-0.478896485421542;"YES"
0.530649868357319;2.04695871166758;4.03630629699654;0.232248795966584;-0.482336774320598;-0.615729548723562;-1.72689008044382;0.289436390448222;0.983263809967351;-0.688763595549846;"NO"
0.101983445884131;1.02883074428282;-2.0491526394675;-1.2885715542139;0.678988881900985;1.47488664089251;2.08231610366027;0.977012323479746;-0.180851836938547;0.267800969650894;"NO"
0.0872347684911337;-1.32160003893208;15.2803476802133;0.622142196489605;-0.880644728664374;-0.444649570768486;-1.81705481325171;-0.315310318616518;2.44417477236533;-1.14135599314454;"YES"
-0.249867484595563;-0.753869740242199;14.2149960641857;0.934556077744323;-1.42240606370013;0.417158686387406;1.78878419979183;-2.14582115541562;1.71040466700629;-0.174293485914431;"YES"
-0.864727239830997;-2.99608239003075;4.84955868041539;1.56779239551808;0.908411030448151;-0.778401393204171;-1.03772217337609;3.92592651335052;0.594786700582763;-0.207400429290826;"YES"
-0.866678342368315;0.182583842765092;-3.16361346559359;0.968450303690206;-1.91469659048228;-0.156637699817583;0.691939092741195;1.11717487435258;-0.799379587295082;-1.31926737611123;"YES"
-2.32101703034786;-6.65669988446605;-0.410078314393303;-0.320602100985202;-0.256018477264786;1.49411504389184;0.496880367360902;0.123735845938166;-0.124849875004425;-0.918642016704737;"YES"
0.608830168917854;2.36567134112675;-6.54331896648139;0.654056428027506;-1.56775811954411;0.137793037685814;-1.85163063478609;-0.888567121349503;-1.10760287047075;-0.285762057100393;"YES"
-1.58000075454988;-2.15871747839689;0.861396912540754;-0.100558673806073;-0.542745528530259;-0.573232281668216;-0.586868764868028;1.29652243011553;-0.47244768171742;-0.229417789636528;"YES"
-0.549408485122971;-2.05592351664104;5.97777597663834;0.752261071531072;-0.409904269456576;-1.72576004726065;-1.6080235996999;-0.0953813213347091;0.768080334100734;0.709713735676047;"YES"
-0.699403066409499;-0.858986785490431;4.90447446669197;-2.09639331639973;0.612753320528899;-0.926277814058533;0.00200078356547573;-2.28371582972958;0.415411676832405;0.174135903923236;"YES"
-0.438909314792203;-2.84711777049547;9.49047562105093;-0.0798967129656769;-0.827197918218305;-1.71872280385754;-0.415989633655509;0.352265860011765;1.12289605561628;0.0598216798602068;"NO"
-0.677319296116693;-2.68059300673645;8.33493036035094;-0.5260152434077;-0.154071615303791;-1.74700018117356;-2.14617160396152;0.679563627501412;1.21353937674736;0.451655981178821;"NO"
0.95914119477535;5.03392458142767;-8.69595290761599;0.801627116530759;0.308505667376765;0.782359539256337;1.1856637845357;-0.312826696754141;-1.75378900429115;0.847905975813994;"YES"
0.18376389266813;-1.49023116265617;17.1590129973769;0.127117280263508;-0.4645098633711;-1.13085922690422;-0.730555758972846;-0.368408241658462;2.69275297067798;0.99353540686319;"NO"
-1.4351471826518;-1.38464473080755;-5.43680943312977;-1.36111934693633;0.717297368189694;1.53862451050491;-0.855048019525523;-0.311720953701999;-1.21023777760576;-0.5657713818588;"YES"
-1.13739989812347;-0.641807001449823;-0.113869446203385;1.08749139866352;-0.40699475386335;-0.172266525537213;-3.09722014978555;2.45854748335083;-0.0776220795209399;-0.98728911983186;"YES"
-0.414645326877995;0.430487727526399;-2.15497961596046;-1.46471274521208;-1.34548189524493;0.206179653373411;0.809760020347094;0.696564896675415;-0.254489122451147;0.224414983913611;"NO"
0.143934288151356;0.373156534327793;5.7630917531718;0.832401570141698;1.50268432434747;-0.794268183378832;0.678894375847888;0.501611587763749;0.900960269704853;0.376119378051235;"YES"
1.06202433069828;2.60986573816696;-1.12670417512699;1.15163144753425;-0.386527364784886;8.27372476108588;-3.34224653079269;-0.991899122553579;-0.0501369811702292;5.19873770720319;"YES"
-0.570793902735398;-2.49859080685723;-5.80308570985349;0.511839346362368;0.319274365464239;0.165125407570741;0.934841764126191;1.31956318933926;-0.842030259511763;-0.235470894079252;"NO"
1.27718137641215;1.57608698026912;7.72832637426978;-1.06811738898572;-0.405522902483639;0.438064374143881;0.758116975252094;2.36978499342177;0.997080022701154;0.51134721363882;"NO"
-0.308813064502744;-2.01962039036404;-0.26657650937551;1.1870933119677;0.706712416947708;-0.659933979814941;0.995204668355502;-0.38765395992206;0.382859834046374;0.639817188350342;"YES"
0.548822374812083;-1.33874401056574;-3.53631752436875;0.144131248302104;1.05548464046252;-0.371887943272587;-1.12006218421588;1.59925976085353;-0.329747900695782;-0.870677684203404;"NO"
0.42551309377198;-0.69457931667648;10.8888511259733;-0.506803480108849;-1.36663601632995;0.85475725462781;3.59541966310179;-0.143600426476481;1.73403496584273;0.928561631385156;"YES"
0.64350003512817;-0.605893897703161;-2.34295893252518;-0.233679368920247;0.172994341598633;9.57266501675328;2.48155601122608;0.307284023653604;-0.168281366987071;4.76330241884736;"NO"
-1.36030614350351;-2.13233534816231;-3.50361428532759;-3.51235543346072;0.542938244087667;-0.182284466314609;1.23630253339721;0.153324582351871;-0.682355459692539;0.794607900308717;"YES"
-0.198506106403194;-2.09416960528697;1.57156897294849;-0.719889092350385;-1.05939792806058;0.717079439598224;0.478473744362754;0.215349750059336;0.202792795141346;-0.794795194815482;"NO"
2.06820960503683;5.90133261217552;2.18752496873078;-1.48563986216472;0.999269564803;0.0521619652544762;-0.629681703818252;-0.317013943511347;0.501570776372242;-0.957780982203096;"NO"
-0.30528475419725;-0.572726654535944;-6.18184130437017;-0.523393498796153;3.38614121098227;0.118407082933215;1.43796776402173;0.410857248243749;-0.699743969352814;0.266071562612075;"YES"
0.113029361625959;-1.68212011024068;1.43601825381337;1.32663564639202;-1.03909874972448;0.590453930918764;-1.82433137867569;1.14061602261569;0.578665849867201;0.384231539192138;"NO"
0.995331874289131;1.87550701803028;2.86361915813375;-0.469063313387657;-1.42906777369988;1.09055777054067;2.60264778634678;-0.362681281851929;0.645076475168844;-0.913586670598223;"YES"
-0.681151361321648;-3.38028178616242;-9.99663061250648;-0.915987034044143;0.371625156714172;0.158552818435235;-0.190197241948786;-1.27114267196402;-1.82858466294764;0.399655267581022;"NO"
-1.27705724668769;-2.95359083374466;-9.8899941493756;1.30983996896034;0.639594926902518;1.31352306058099;-0.0562059730959199;0.211139436589461;-1.84115515192204;0.561924325639585;"YES"
-1.46869774983108;-1.30605100713296;-2.65413971224845;-0.0916227388813824;-1.04560978732294;-1.42313874494917;-1.55087129802835;0.714120308162086;-1.11151460050407;-0.289418715482749;"NO"
-0.313474066535868;0.423903560051076;-3.4177700986424;-0.216613891063288;1.71186903098688;-0.352938631439373;0.0933400662558828;-0.366591463073409;-0.226910494460281;-0.725222035636168;"YES"
-1.35051465613771;-3.8838092611072;2.53619650101058;0.638013024205837;1.25690749314158;-2.00613379884459;-2.07694354129245;0.0559734809310348;0.471966293877009;-0.970094342941782;"YES"
-1.10209367720916;-3.48935091907998;-3.68618937465032;0.226277609733687;0.438397540777207;-1.07545333406454;-1.80172702334058;0.770408396247841;-0.298985489394503;-1.28543146502312;"NO"
-1.09954301452935;-3.31871455099379;-8.38495760946669;0.155670079028222;-0.964614269795052;-1.8497336056994;-1.04462336936749;2.2701441514663;-1.23188229450199;-0.891919582581375;"NO"
1.21551377619565;2.87800298299343;-1.5438028961455;-0.850682479966498;0.460515062321296;-1.54671581797299;0.982464248584518;0.922252906741613;0.0757875984296781;-1.00309781427445;"NO"
1.39027511927468;7.08689637390772;0.973884599258727;-0.512893927624748;0.64325732422285;-0.403837616058235;-0.434974480406279;2.10825588850447;-0.109069362351926;0.830966729153031;"YES"
0.872046985021111;2.07215898714905;-10.9480378187512;1.56809939085635;0.913198121342925;-0.578477218062635;0.172316468165947;-0.649828989860532;-1.41399334742354;-0.357536603301903;"NO"
-1.08081702266027;-3.61146553987223;9.88404720429857;0.526372261926957;0.98828600311162;-0.183170626781929;1.33743029202852;3.77232190857142;1.76163626532683;-1.22894299818406;"NO"
0.495821591446535;1.56740045532662;3.21821567576058;0.263962003247637;0.112741337275008;9.75921831010935;-1.71144612703848;-0.0842015475620809;0.171076317930307;5.41368501247024;"YES"
1.05262755621631;1.92241100545514;0.310384940532702;1.19766983315619;-1.49004993168016;-0.582397831695009;-1.34407287459497;-0.548908878242304;0.469863974011492;-0.556010763801788;"YES"
-0.193666728423379;0.511861974849235;-5.9911635842934;0.342084166563614;1.36234413018966;-1.05276775620345;-2.80169293680698;1.5095779012804;-0.625184602093338;-1.05353936465553;"NO"
-1.29508364255337;-2.24325616875821;-9.70440366118126;-0.808754890275691;1.04523574146619;-0.751346994352576;0.789267819041939;2.08068304740711;-1.32178832504987;-0.807508913357051;"NO"
0.141880284678648;1.82312986457906;-9.79616040831775;-0.470581649845199;0.233931466382584;1.50996918828885;1.52935356410008;0.708372929857398;-1.54354668114485;1.7428439050345;"YES"
-0.431500328069645;1.83130870708046;-3.29831023436257;0.314103076472199;-1.76871873419104;-0.338588147782205;-1.17041897816303;1.6257989865409;-0.762089743654435;-0.437045114136045;"YES"
-1.82271258950182;-5.79671978763125;-5.94694960813224;-2.25155079092329;-0.659570612653243;-0.0453703303232426;-0.763920967289617;-0.301576453799491;-0.868756458494229;-0.498810343850548;"NO"
0.35254395875311;0.913117173200025;2.44335060288586;-0.496955977483449;0.370733194413564;9.67692629228366;-1.45043992705131;-0.424904936264748;0.225229297933638;4.62227836702592;"NO"
-1.34845144147378;-2.01970729237925;-1.45610718536048;0.416106305221733;-0.592803333908782;0.78567918538223;2.65017839833906;-0.554198866389217;-0.0878562262201295;0.0495742535110902;"YES"
-0.410890936798779;-2.80850356069138;11.0178407894314;0.613256446847699;-0.206180515732397;2.08737293435865;2.22272505695592;-0.519868984129469;1.38290044806061;-1.73209096049105;"YES"
-1.04115630166875;0.431160252238622;3.3872307285101;0.538718356256531;-0.818429407099934;-0.722407469008966;-1.27833736741113;0.905365406764381;0.461431094004959;0.0329681430638027;"YES"
-0.282821624132353;0.507635454298266;2.99898330571608;1.76682602745745;-0.43109504068046;0.4043708145085;-1.18233480017839;-0.769533372530386;0.0787438263434047;0.629145789315138;"YES"
0.432429125495353;-0.324934452297717;-10.5873970255949;0.525028412412675;0.222736679373414;1.98416208907734;3.17606356989074;0.190903218204216;-1.52336005144889;-1.53340101370887;"YES"
-0.307607095063416;2.27056328061894;7.21444210294541;-0.201456701107069;1.69356762462472;2.76990449676445;3.36058781404677;-0.209749099469511;1.0368682185964;0.669533754890748;"YES"
-0.0566363078893176;-0.00761263630755293;-3.17149376894932;0.519189697961758;-1.67221041579097;0.679184283977562;-0.0192883427607755;-1.06930297232761;-0.390246296325794;0.121676262233364;"YES"
0.733515420200271;2.17095089487042;10.4655823749105;0.416646840924548;-0.108027515694329;0.379877657759663;1.93245835743024;2.33255168092659;1.13321242150597;0.723178774786278;"NO"
0.0973116196651844;0.0598450982243293;-1.76680992843204;-0.985581574260921;-0.557345315699426;-0.0114371007446485;-0.0305101834773387;1.99423883098059;-0.218310862307406;0.0183127951204856;"NO"
0.560610699002205;0.560656581017278;-2.42582720992244;0.0801458216291051;1.45838455915802;0.0269220917908149;-0.475101336393401;-0.300601466227713;-0.646661731782611;1.62988637568537;"YES"
1.32956476445216;6.04650738372112;-4.49409161932831;-1.18039169446091;-0.392244593379094;-0.431621855975521;-2.80249846789558;1.89442647982844;-0.896750177373703;-0.87875911546459;"YES"
-0.278823495634461;1.80200567905359;5.3269819413023;-0.036329843147419;0.184410224807294;-0.79022821997067;0.424740448060458;0.14736304875999;1.19006992393123;0.45238516833901;"NO"
-1.26673154414092;-5.46494568502804;7.04895963865496;-0.98084882986124;-0.703397554589043;0.465257170161975;-0.177186399722435;-0.0568378009207117;1.25030871229392;0.999122797647689;"NO"
-0.249148394040265;-1.42728043878052;7.30040651464643;-1.03390634120992;1.31900060566425;-0.554595733610536;-0.536393642748151;-0.548060099799345;1.11641930031947;0.527604988534165;"YES"
0.017988414568801;-0.00894476379021248;-7.97492487291371;-0.68156189687444;0.558785292375452;1.04371716409134;0.717547701331106;-0.551555433522256;-0.907062085136075;0.381991709042587;"NO"
0.377072727110327;-1.82834217863943;4.69112899095339;-0.20970876404853;-0.601693292560098;-1.2342479377071;0.668700052304289;-0.0269782367934479;0.960102949670065;-0.455641004178589;"NO"
0.796008557527438;0.0118319159848321;-0.246750178282332;0.311813135454055;-0.572465553239349;-0.39498976807548;-2.23670195030647;-1.16623446904517;0.0224500544512203;-0.551879786214676;"YES"
-0.840677417098569;-2.53734855929852;6.12704708072437;-2.06166970204376;0.517083195266038;-0.144107237490896;-0.164804755058023;1.14521882224635;1.27156622057193;0.839939242211375;"NO"
-2.20547175082621;-3.68687190963343;3.05399522266453;-2.66227692025661;0.991764478437429;1.22636524763408;1.25704100873609;-0.0411006640077211;0.740024292167969;-0.690808450930936;"YES"
-1.34130995880245;-3.56437960402782;3.87238581702296;0.0170582443493538;0.579294566811761;-2.6234983648928;-3.16591424817382;0.425136775127033;0.727101788907863;-0.243799148657281;"YES"
1.60511404288097;3.08755803187279;3.36560343688046;0.155672473255944;-0.874439408732086;1.22144729571292;0.714498474678502;-0.405544053549265;0.629552874977815;-0.859719021167324;"YES"
0.744423728488543;5.82147483877681;0.0480116650281028;-1.44842040854852;-1.37170282143485;1.30824586042326;1.50228750901405;-0.353745729723612;-0.313033570546012;-0.818686099301926;"YES"
-0.122550125830633;-1.0927971278687;5.61105286836959;1.70217942548502;0.252535598929724;-0.770937637779207;1.68096893329501;0.816834771108342;0.768829439025988;-0.383322450554953;"NO"
0.092584647178277;0.339600723050494;6.56791143589953;1.53882702670497;1.26578233684129;1.89134739501454;1.12885292520069;1.498769012046;1.17298393312954;-1.44036152765784;"YES"
-0.35787991433363;-0.293477558890868;8.66697982437681;-0.276202061517824;0.381865030527152;-0.1279624648024;-0.224748411562409;0.232753520858945;1.32847746606536;-2.0518693978656;"YES"
-0.359655224347011;-1.43095720927884;5.44619316909989;0.210742434844077;-1.81796988938907;-0.517533707127786;-2.80360778548764;-0.499290929872211;0.788047396563555;0.445575265459551;"YES"
1.02857072088428;1.37013513127321;3.85764508627164;-0.0532451551651203;-0.606366348646051;-1.06154259023693;-0.05413728784156;-1.00020568538341;0.00888189902543976;0.606001776232202;"YES"
1.07789259245098;2.90809994378193;1.04606715412283;-1.95399199040498;0.420156502810387;1.83416667313258;-0.0128230519614392;0.130592827733336;0.308110297026419;-0.702326252670455;"YES"
0.931781215232504;1.25586836645875;0.283725720459188;-0.553568238813034;1.0508890924105;1.72188235822475;-1.99468728300234;-1.89078891206862;-0.294738935445422;0.906131619896249;"YES"
-0.906075576249343;-2.29146800601988;-8.43273254051285;-0.807878911535023;-0.644480148053634;-0.498746333790821;-0.831048866736443;0.650658373946154;-1.20975168118412;-0.560900959236157;"NO"
-1.09461543379722;-0.718575851402987;-5.17052670917687;1.23183889446696;-1.62455797300659;0.729638794927903;0.705845213443727;1.93340782585837;-0.855250761873091;-0.179508380567567;"YES"
-1.01290361883673;-2.28278644111319;-11.6644188806671;0.320363537845212;0.653354382694003;-0.700235266401184;-0.506129500823841;0.324767785032048;-1.40425722304946;0.955060140884391;"YES"
0.410277325885889;2.83507436410741;-10.2188393085042;0.131245154070075;-0.14855872809026;0.573065824185659;-0.377992226891315;-0.334741501122811;-2.1457899048581;-0.58655673115321;"YES"
-2.32987954506654;-5.14275230982386;7.54748177464609;0.193102043193817;0.0754206584283954;1.09030829903516;4.52801456369582;-1.82330439637581;1.37904934061052;-0.493543422684813;"YES"
0.0162554651767423;-2.8395908213237;0.274554869750226;-0.592167268308399;0.0783017767198831;1.26527781283056;2.57455687329868;2.11096902600937;0.163950119775899;-0.409045172994707;"NO"
0.119600888891297;3.1359631817533;-8.86174236941887;-0.845516028555995;-1.012974579549;0.307702488434861;-0.464012621358727;1.85921172350025;-1.34414600922112;-0.786130388711161;"YES"
-2.43661560431758;-4.18087276966309;-5.71161861006143;-2.24918743220053;-1.41757733690128;0.556689087942306;0.609321928838113;1.17177739413673;-0.96744562004837;-1.15559007582936;"YES"
0.0310224761223877;0.853203072077126;1.04443840805218;-1.17171228892645;-0.922210083929278;-0.664716466305849;-1.79209009291653;-0.590730293246521;0.14819057100966;-1.10566271339369;"NO"
-0.335746697999837;-0.726530305390319;-10.050494717539;1.14313492166638;-0.113937863903978;-1.20828997770726;0.466189034570914;1.46639261399492;-1.96753228513574;-0.154316804266208;"NO"
-0.263776161923756;-4.6078043653326;-9.21302240586288;1.20389210963358;-0.978942040513868;0.338956677801196;1.34377461542801;-0.120777993147908;-1.63405103459044;-1.71437860767715;"YES"
-0.355852460880201;-0.782393195566523;-3.02847779980661;-1.10621657520979;-1.49658956873142;-1.88881691750408;-1.49071860111253;0.78502170363606;-0.47122070962067;-0.301422853410449;"NO"
0.222735467817872;-1.39248467927078;1.31002141680479;2.26332886699916;2.63448683029597;-0.0367593434753289;-1.39584270673997;0.40846010620752;-0.101329742585148;-0.864494019008404;"YES"
2.42991031869739;5.23620846053765;-5.57344393840168;0.218635866568032;-0.114493266971642;1.49011995873409;1.67186962013225;-1.70313389821611;-0.754074245700674;2.00602342965252;"YES"
1.49629811873421;5.40039614277705;-0.339623137563012;-0.489987842492231;-0.350860907730115;3.18411654951205;6.26261686297175;0.0769173631391881;-0.197666487669293;0.134757904079695;"YES"
-0.717208202759088;-1.48769622159485;-11.5997067530084;-0.872793146682588;0.140747310916293;2.34649524212513;3.50101985738848;0.326630569923125;-2.00901994778991;-1.44119727740062;"YES"
-0.46705390018763;0.610019335290852;-9.66686930924083;-0.498134587156108;1.74148578917649;0.360751741118184;1.28809760109185;-2.3710560410866;-1.66500517406675;0.824232149165693;"YES"
0.327510141216588;3.70873206535487;1.38734329574498;-0.811281353888922;0.0487713987113063;0.850574333026414;3.48670644672783;-0.470174819991029;0.231947136116525;0.813925690295152;"NO"
0.0638634816169111;1.10200517220574;13.1825728789163;-0.503692376655978;-1.39452135686681;1.0283656428641;1.9162563965226;-0.720819066096141;2.24588888587605;-0.0384163982538375;"YES"
0.0413884770331462;2.10827498910314;3.83258623839039;-1.50373434545271;-0.182393034028188;1.00389641711598;1.17852547521098;1.33622932961264;0.233091369214671;-0.0684749790109056;"NO"
-1.2135935633847;0.0816978377036977;5.85864102758655;-1.37569051210747;-0.697148092598502;-1.73158318134053;-2.37123847295894;-1.02090280789044;1.27545869265038;-0.713828828498058;"NO"
-0.257324594345541;-0.505380783803876;4.74300544520663;-1.13706901872191;-0.108874498123014;0.289619491185217;0.842168735359826;-2.52698010579084;0.73936454906372;-0.289362341967508;"NO"
0.26680641094213;2.49188115162586;4.14040075999119;0.61839862558704;-2.59707769260721;1.44035003486217;1.23735113161321;-0.00877752091634518;0.343572830154718;-0.277687956372819;"YES"
1.38772432571642;2.63596840305152;-14.1355046654217;0.801824160146317;2.74448686035299;0.731713041454601;1.94651121774957;-1.38193682366904;-2.14146449553695;-0.951968867585314;"YES"
0.193079635023937;-1.30696545449637;-3.89731017241524;2.07087562325193;0.746065106508541;-0.498504029652653;-1.33758588188545;-0.018117192059194;-0.821017214369696;0.3747197207589;"NO"
0.592316622600428;2.06565282310237;-2.90518908395795;0.128269979010934;0.306651185439197;1.52214002790064;3.5701364796071;-0.298231683250754;-0.3387825457735;-0.23677195006066;"YES"
-0.829974526915779;-1.52620323154693;-8.99153020212319;1.93213779156358;-0.935395293344064;-1.89566335251024;-3.23100420417655;0.693299425646815;-1.32745013961581;0.132831748044793;"NO"
0.39257328164249;0.435699925403779;-8.93619895374081;0.163403110466512;-1.33453866716275;-0.275638895564638;-0.289904051386802;0.988282545444016;-1.58398472281407;0.628514567860223;"NO"
1.05104466572565;1.5709494399507;-10.6563814382234;0.990679481323142;3.69697817677949;0.42315523587641;0.445968815250892;-1.42963506035118;-1.85456895325108;-0.455825621533679;"YES"
1.15579748458375;2.93956760661851;-3.7240807902611;-0.681005406419174;-0.633530914124234;-2.25905131312515;-2.56782699506791;0.485591004095033;-0.495133838230051;-0.430314808563442;"NO"
-1.03443795894203;-5.21502922776071;-0.818840982958;1.42400736343214;-1.00631620758465;1.99528340163071;0.846002011325523;1.52768697252149;-0.449502148039854;-0.0469684049689296;"YES"
-0.254468065804272;-2.56465640294362;5.62309008193502;1.02561385113646;-0.145331247779744;0.734391402080542;-1.9820641385026;-1.81223965097013;1.01297052483018;0.772372249279084;"NO"
1.50254463898139;2.52790951420295;1.92780953951784;0.586782352784572;-0.499489331971281;0.401259227225893;1.05783616447421;1.8416969603664;0.636146288304861;0.913545744017287;"NO"
0.590409467146639;0.707583552393102;1.98957047461057;1.5937114105603;0.481553995053662;-1.98216021997845;-2.32681935842541;-0.302537369035139;0.140848256802881;-0.616450916312306;"NO"
-0.63068545138345;0.0651125825099566;5.65000433698752;1.49881784674752;-0.682364707071117;-0.587963960156523;-0.519576753527965;-0.729667094956887;1.14253077457993;1.58380173927111;"YES"
0.12538457012308;1.34903813258835;-6.37215585858133;0.0420933759544378;-0.170557100363012;0.339088708371962;-0.182190099162939;1.39040606291972;-0.720402405068495;0.0995603927155719;"NO"
0.32275497124803;1.83132693843034;1.77000441505687;-0.945879184477559;-0.0432580703922682;1.51941732202668;0.064198365582975;0.163401337816795;-0.584824030398097;-0.40990220392375;"YES"
-0.445583209452593;-0.598886673052724;-15.2968368174101;-0.487373413147347;0.190544374217472;-1.93879438280616;0.233535786040035;-1.18272130607592;-2.24618567864597;-0.805115116506563;"NO"
0.766843934461376;2.91545485801858;11.3313239130188;-2.35668885876219;0.0685774181469355;-0.329229249734344;-0.646825937471241;-0.415595430188065;1.83996465617869;0.665296961183031;"NO"
-1.40350302182772;-0.944821732370306;3.78116464703787;-2.33328744862246;0.512993072741454;-1.79565655492525;-3.01280483398585;-0.357040033117148;0.606602698545631;1.17140648807328;"YES"
2.39291294709557;4.03273991113904;3.27852411970812;1.27566895824025;1.09086154964184;-0.128081850776149;2.09227762828606;-0.0850633699519373;0.35497155423925;-1.79448676448593;"NO"
-0.203785066452724;-1.26173897456692;12.0851118988216;0.0654215523756485;0.169128861319721;-2.15378974162789;-1.32896089769579;0.545728113550046;2.23989184569638;0.110014610095011;"NO"
1.99643445216969;4.70586473365377;3.92528836437703;-0.769272571300979;0.00248020956770647;0.92461600325008;2.39892808681297;-0.711785754840942;0.695810686104013;0.276509145056971;"YES"
1.54321779434101;4.91226212184859;-12.0349537716152;-1.45969921185147;-0.6046319677907;-0.131491148786474;0.360401071791197;-1.89495458720219;-1.98945077442951;-0.923566349194525;"YES"
-1.22833762626182;-2.28014090068455;2.90211511535647;0.0417622655738982;-0.47020411014528;0.231865173413756;-1.25545816043665;0.93964941850951;0.610095357803399;-0.285484386540537;"NO"
2.64448799222478;5.42152605606953;8.62825989763855;1.24255752734829;2.93252876540001;11.2015241430503;0.755864936439529;1.17698493023022;1.3079716376068;4.4655650368699;"YES"
0.757013708274368;1.21310179577491;1.5016984036492;0.457350500084491;-0.11528655480371;0.373766835975349;-1.45811821895514;0.00867185758728526;0.241357696506156;-0.200661332684904;"NO"
1.05534519215293;1.36281504929341;0.914893910374959;-1.16608220249406;-0.970073787148979;-0.464034557089984;-1.82744724720943;0.279800441595416;0.380154709397659;-0.797518933355029;"NO"
0.957944895305812;3.55039109967763;-0.229877932874917;-1.82561131406814;-0.980035279284225;-0.579816232382614;-1.40138400192228;-1.91000578254022;-0.266898769816204;-0.05930760197069;"NO"
-0.169275570018636;0.208279196630594;6.36661618217191;0.263952919914223;-1.43487670703334;0.754470451859771;0.864082988699945;-0.905093993756837;1.03741198284206;-1.11898507135217;"YES"
-0.404433643078437;-0.366145054086074;-1.6828280714418;-1.32195461267398;0.415411170396536;-0.352938281435427;0.606465470585489;2.44584429318328;-0.812276524337383;-0.741919354057162;"NO"
0.295601573702913;1.38612577461928;3.04807496419545;-1.06935990054229;0.918862573803692;-0.962463569145197;-1.72891039910082;1.05228990933102;0.458866374409874;0.369200333924029;"YES"
-0.231874507234865;0.989435689366698;-2.08193818226657;1.3579811178458;0.208403091521717;0.328651919071073;0.519280631459798;-0.129987003011298;-0.105088512155988;-2.26929880772059;"NO"
-0.448078231626391;1.96675214192313;0.0846832577705653;-1.60513606852062;-0.0428537372057387;0.492624099343847;-0.247010209120297;-0.514017374659926;0.0853381875059269;-1.4382887298435;"NO"
0.0223107965723932;2.29881176472405;3.01344229790066;-1.11169317290497;-1.21477082530241;-0.267761455765726;-1.46864266464828;-2.76536074511494;0.461128883726915;-0.038261197341293;"NO"
0.0444672972361275;-0.378807321546181;2.83570515502401;-0.700907160688282;-0.480364625833195;-0.168376050007842;-0.89957354365433;-1.32573527822834;0.750585228468419;-0.390679191139238;"NO"
0.480721165290636;2.38347035982148;-7.12644669424454;-0.870068043605476;-1.09886162308016;-0.213580017315572;0.607261094360658;-0.108532072939985;-0.705399910893313;0.414355442635478;"NO"
-2.0007423930765;-4.2920742542489;-3.61168050600467;0.109897126744532;0.621312998116464;0.454135069774381;1.584257230935;1.53930176842099;-0.73554370949171;0.172636347102333;"NO"
-0.130645189306517;1.28131690810693;5.00796273564831;1.33880946485048;-0.383052293153177;1.14497333993504;1.08050483133811;-1.44065066326055;0.663566867785097;-2.74155152441231;"YES"
-0.344251783023643;-1.14928907343482;-0.650219332195183;-0.0708663383474449;0.377450473380702;0.878869507062069;-0.256386967295553;0.692669288527243;-0.488889581226965;0.534254689065616;"NO"
0.266407053232127;2.77160593460401;-0.761688553508836;-1.78139072261234;-1.56617274571211;0.228574630114643;0.368916227256424;-0.489048517634428;-0.19646513880584;1.35295316744748;"NO"
0.554793475278744;1.78110405961669;13.7793303146443;0.732541734333488;2.50565527624024;-0.521716685416767;0.915322907284745;0.173665886310908;2.43930766815284;0.481133116108814;"YES"
0.285133381306893;1.15112859163289;9.85931191202902;0.203534988152366;-1.71037350828954;1.66108937939072;0.281314733746173;-0.323351049421715;1.02113381363245;-1.7067790438676;"YES"
-0.458792927772878;-2.85092752041104;0.622105728069699;0.181134756993026;1.01812613008756;-0.586551617264317;-2.63013575017545;-0.30996228933037;-0.164157985497672;1.16640887599091;"YES"
-0.723995091640382;-0.367769905320904;3.91438647103856;0.516293146223214;0.377372919230736;0.612170490448237;-0.433750768910116;2.83894276840134;0.597065888511633;-0.254162207505652;"NO"
1.61941870348572;2.86168952374265;-1.72258675061141;1.1186380429244;2.42481812353482;-0.735587485781771;0.630661408686348;-0.823815487193724;-0.304188477283575;1.29832180459511;"YES"
2.11452131280045;5.47140405957641;1.08504744064816;-0.0276552741368202;-0.427753273215549;-0.0727561561385486;0.0778603066602053;-0.678566528837548;0.0268806803329749;-0.978933244432469;"NO"
-0.886787965667858;0.409913708655971;0.984778337207204;-1.57248859289908;0.715433603224914;0.112166746443745;0.726395698982708;1.50400435765148;0.76374290542255;-0.549664758234344;"NO"
1.27114600133104;3.54198276685114;-12.3248881421706;-0.500310714314539;-0.12724926211901;1.84714108673249;1.76087530626178;-0.503386817285796;-2.06609984639402;-0.143586621453901;"YES"
-1.60508544127984;-3.7651817643631;2.99556241571892;-1.39552390777028;1.0868521598963;0.971762074008078;-0.716733319634257;0.324710192565556;0.415224563862339;-0.253640411703862;"NO"
1.12227338293318;4.56692362537916;1.91188809374227;0.278117381905325;-1.19521517174906;0.622811166029566;1.62200813000914;1.33667241209837;0.20993658161589;0.518785318370935;"NO"
2.15843864176903;7.81077331265458;-0.0612156367915859;-2.3658190027325;0.54595267035065;0.462940552670515;0.0628229563912407;-1.37904748604661;-0.0629585133816919;1.14672117198874;"YES"
0.428246613022636;2.95563008318125;-4.97508981853459;-0.354826276121732;0.0496777748318976;-1.18466110856781;-1.6308500952903;-2.41289500902279;-0.856880008674739;-0.433631009792151;"NO"
1.2011786904597;0.990488650198606;1.39111078639424;-0.790574099637401;-0.331807702320655;0.677966397223038;0.0395564749142155;2.37195367931639;0.730182525406343;0.0296561547497726;"YES"
1.03169011615184;3.31333150414934;-14.406570277555;0.11969390453631;1.1372612284639;1.83485154390764;-0.513748559154626;1.30220034108727;-2.77734897254358;0.588925311953884;"YES"
2.01208177317955;4.20899080336581;14.2549303828455;0.615833235709933;-1.23614922559136;0.896654742581987;3.73810051124634;0.422171671553245;2.26711228542354;1.41952853298687;"YES"
1.09462984183357;4.52230505028256;3.16709455790586;-0.302653233356015;-0.486145291930366;-0.97764971762274;-0.724290180126256;-0.152057006665318;0.335788114279128;0.183681974913622;"NO"
0.726409354081993;3.58770583556127;-1.46973469999658;1.5908204883495;-0.597195041286671;0.0366351022572058;-2.84905827008108;0.0884437234247217;-0.347377875495602;-1.35357575448392;"NO"
-1.39965713658319;-3.33745001732075;-4.0062030886668;2.60653006573301;0.142532978423988;-2.24025539233819;-2.31104997151109;0.042670375311117;-0.17353761452458;-0.249618474094683;"YES"
-1.2877951632908;-3.32220515962723;-0.925937369232225;0.778715168858173;0.420329582384761;-1.0644068649292;-0.98585206237228;3.02199267510288;0.117571945994284;0.823478051539981;"YES"
-1.7366857577184;-5.18281094122074;1.94190396345651;1.13245626344546;1.15343515831758;0.75207850801157;0.0116942613722013;2.5399424759044;-0.206399973643764;1.39456262032298;"YES"
0.831697358073543;0.978301189318373;4.930586479403;0.265621600740413;0.862104874952266;-1.12594893885524;-0.752793150975968;-0.436714934193146;0.948223796599644;1.52078419279949;"YES"
-0.758953108565061;0.242094144488608;12.386752859258;0.31057484298188;-0.331193726462483;1.02290635258812;1.82607588597794;0.881515334204065;1.96271203974337;-1.0402317022978;"YES"
2.15507700106696;3.82987304696482;-7.36865149562436;0.590907138811195;0.497232745008155;0.230990823614143;2.8719846930818;-1.69842591034117;-1.7381150210882;2.73777135814783;"NO"
-0.423258880235017;-0.784007872754875;-1.8771993718792;1.54429468617448;-0.372186948235731;-0.149239271289271;0.997985270167612;-1.31039275460682;-0.264382718878846;-1.66324056302377;"NO"
-0.00564993667529739;-0.27677463954354;6.82043499669242;0.472937619684282;-1.71876415802187;1.83095876728325;-0.135109673810911;-0.351576090196871;0.794183442296379;0.403038747257569;"YES"
0.314269807914075;0.254139344858288;-12.1210089610963;-0.301884568770361;-0.809459829840099;-0.68577656424793;0.000736303730574317;1.4664982332056;-1.82371650659324;-0.91178784917118;"YES"
-1.48569615831883;-2.73421337303346;-3.19982286153324;0.265386860113174;1.75981325190918;-1.39405869497023;-0.248263832776508;3.15722116002223;-0.637755502258764;-0.560471787008233;"YES"
0.415298593093812;1.95865595000528;-1.95702100600882;1.17703373161217;-0.799242788033199;0.967870039345825;-1.19620153288365;-1.87639487083147;-0.8506946285809;-0.816026659401713;"YES"
-0.528063682678589;-1.69771337900394;-9.6548067719664;-0.796139634710543;0.592075082741538;1.01462133986761;-0.83485499365651;-1.1018354644122;-1.49691887656607;-0.329282416982931;"YES"
-1.44976053616599;-0.924792572772051;-4.94378395811582;-0.0734932579411633;-0.043027722730345;-0.625898381989213;-0.971192394105741;-0.452429314099339;-0.855903253531233;0.290603801728987;"YES"
-1.05199642811248;-4.4653938209976;-0.213337420160469;-1.63099659491107;1.66042035397109;0.158377327294398;0.503293575431807;1.31040970478932;-0.0168879599873608;-0.284122473617517;"YES"
-0.612941178575923;-1.26869808470253;-0.558605812142456;-1.13306116263271;-0.381514788891505;1.54098644065081;2.67609361558588;0.566120212454544;0.4190191710582;-0.0617358803707642;"YES"
-0.145410533594199;0.952968442815996;-10.5638402379978;0.221104903464931;-1.8145139673562;0.132382201255573;-0.137026192008149;-1.86041885367868;-1.36529428962208;-0.8548946315309;"YES"
-0.639423720588603;-1.00381932574905;1.45746735459857;1.87983556340839;1.38970319036151;-1.68160420299673;-2.59838842326457;-0.351214739612068;0.315355240155796;1.58239436684353;"YES"
0.342791878432067;2.48907745014277;-2.2561778868888;-1.24285346485718;1.56889573719706;0.204795940454865;-0.969131438836117;1.31102505296789;-0.333032661382955;-1.11321614809048;"NO"
0.037999765963958;0.590242251283199;5.26242251061051;-0.339251103969851;-0.988456469451962;-0.74548853304935;-0.280809303767542;0.738055041691365;1.1545867884588;-0.501038559311498;"NO"
0.921064747544448;0.363922490256974;2.80913095915798;1.10011709075424;-1.02421979597774;0.689159112169494;1.47316938561331;-1.46790333895801;0.633410742494566;-0.978746228809187;"YES"
2.13496563845849;5.96149849009359;-3.49017150746744;0.120326778463215;-0.514850347468026;-0.277390497737716;-1.61878290508939;0.535441822303832;-0.363251523167062;0.349478589944631;"NO"
-0.599826931556193;-0.854909086041484;-0.468355161368219;-0.787824666612277;0.0397331432289763;1.02567207472333;0.139806181933373;0.807280017661998;-0.0448567682782137;0.180891712967651;"YES"
-0.0794570171204538;-0.48002742372458;9.79437607527256;-0.645672811183093;-0.562990295665624;1.03432923217489;0.634697184059067;-0.114200005061222;1.09143539136543;1.18243220164178;"NO"
1.18175154981561;-1.71922114726798;-6.55309986186187;-0.317863704789713;0.105445903669884;0.442164546033012;1.89849697222594;-0.1106815325521;-1.31227793651938;0.315591684606812;"YES"
2.18614406267608;2.85089540059439;9.17956123244467;0.705420185213199;-0.870169019359513;-1.83512903264819;-2.61226721871438;0.0262184117176661;1.40364780893745;-1.16408536539511;"YES"
0.40617493070536;-0.431367749271027;6.4756667517474;-0.0544762701877048;0.53240136192379;1.33903089135567;2.89929737854018;1.36821912597099;1.05163024063782;-0.727812532834145;"YES"
-0.738359104584862;-0.190154862609763;-4.48329549806615;0.585954730208229;1.09522269763672;-1.19229656778359;0.608205359413946;-0.342558597209308;-0.67400127070867;0.4115314939464;"YES"
-0.940997815692599;-5.56029028456094;-6.76034910216451;-0.894729285833294;-0.0286607424380736;-0.376740598810436;1.62233915876627;0.666993929169074;-1.26371684292874;0.11311390399358;"NO"
1.19778676862693;4.11757352563431;2.30025058602546;0.322109177963075;-0.00329692287177475;-0.895512629754373;-1.01858479831653;0.320980341116198;0.000342790437884857;0.778800188386912;"YES"
-0.624239390358288;-1.24537824774708;6.56626108202111;-0.463908789361646;-0.225376986650845;0.554767247877375;-1.25717498222828;-0.240594299681009;0.677769133572403;0.473649582105636;"NO"
-0.45962928217906;-0.618232199496616;-12.7756705556296;-0.199299296362421;0.446418247329315;-0.39828443606154;0.335420778340727;0.419531080844503;-2.00023689414255;-0.392509712313061;"NO"
-3.00143130631433;-7.97210180429409;1.32855217206906;1.36157441500175;-0.110505895628204;-0.552210406798018;0.162402851836101;-1.34590918679543;0.392597812192277;-0.05413732140362;"NO"
-1.7719855830517;-1.88247373329113;-3.38254724254527;-0.0247230000237348;-1.09446596456341;1.88138469524207;0.674472627493958;-0.475152505944412;-0.97181982099911;-1.6953815227762;"YES"
-0.364839222835782;-2.24128476226006;4.07397590861846;-0.76042009699221;-0.0738558275360808;0.642016034393723;1.03951747565868;-1.50315594715862;0.850129425131595;1.59178474785024;"NO"
0.374533780689095;3.11276731979325;0.555005359610556;0.122040123020018;0.805011886598412;-2.21622063420258;-2.43310512149215;0.494634661281343;0.170770135657103;0.100043605993311;"YES"
-1.2340779266711;-2.03166632304507;-4.59417912861919;-0.419295383264702;0.71095382281085;-0.0404749644555239;-1.18123894057144;1.91818927151764;-0.605688358347528;-0.101782209661253;"NO"
0.474893421959086;2.05908170565635;7.09136388533668;-0.395472017610623;0.139631236480049;1.41434198370491;-0.894276482060038;-0.102223721619343;1.02306789145175;-0.345867564929458;"YES"
1.23305745705665;0.582753182580683;8.39677668705344;0.824918471328676;0.00182965724006384;-0.0698100034972407;0.767087519083601;-0.847422703734152;1.39325068968647;-1.19991521432721;"YES"
-0.593128656798487;0.93166938295691;-5.69182899858192;1.04918607768648;0.13327757110253;0.652702001333986;0.516718852777012;-1.74402188517981;-1.00554371932601;0.232470111239873;"NO"
0.612045506886779;3.14667319077667;-13.2561557247729;1.46854387362699;0.0124093941522491;-0.628420803956291;-1.68447734353696;0.131476399816338;-2.21541524480207;-0.670257931548551;"YES"
-0.228657365274386;0.890885990040228;-7.6753405144582;0.753065128037048;0.63373376895707;-0.0620173189734373;1.31004428658923;0.230817072187925;-0.968077802649122;-0.0927659954749804;"NO"
-0.704839349899383;-0.613010161221798;0.451702183600673;-0.729526519785439;0.499132520195345;-0.673393564923862;-0.297293136451789;0.621383091419296;0.376777332150635;-0.748546643529876;"NO"
1.22951604720639;3.63590625925441;-1.30953461617863;-0.025388747623114;1.83229504627919;10.1731528453215;-0.798054969884644;0.754128444770573;-0.286529256951347;4.32799417891438;"YES"
1.51851512986719;1.25920986350127;11.4751346755962;1.05577982165308;-0.232059298782443;-1.83923486079331;-1.88727758410764;0.191577223610826;1.48016893753664;-0.383178909085024;"NO"
1.34509418039941;3.20918343922133;-5.77935225657764;-0.405017607730486;0.0140324893887986;0.276330393607782;1.66319235469891;1.95928636081805;-0.696987658881062;0.469348275024278;"NO"
-0.123691528930432;-2.00669738034217;0.0593405827308695;-1.76107824512631;-0.728067825820354;-0.453698241857098;0.216708340042326;-0.446510597890899;0.0383242692076578;-0.583454773175136;"YES"
0.933902453550019;1.36223077931646;1.06737556553905;-0.0656655684289794;-1.06956078467119;0.483171162323292;0.0289855896226455;-0.0789443729716441;0.338833795322143;-1.24936577217896;"YES"
0.0194968456202201;-1.49729216459798;16.1603339118479;-1.13860012464411;0.614781252575238;-1.3338015785087;-1.46567746791081;1.63869145905694;2.45822688086899;0.263023255183581;"NO"
0.830852109742971;3.64890528047395;-0.305330508644727;1.88223516661452;-0.565110859437707;-1.60139038855728;-1.18404708500884;3.01772276914373;-0.530590962089234;-0.802912283846746;"NO"
-0.059281277103589;-0.234576668099758;-3.28726691071264;-0.509816590932059;1.57929457671883;1.26283654942855;-0.841782679216439;0.386977138466501;-0.684648476055754;-0.262069025924466;"NO"
1.00739669737882;1.35401012391522;-5.9463762867984;0.862701289135037;0.890727327613647;-1.08855402910983;-0.256394225434427;-0.316511923955123;-0.999524479104769;0.409024106769459;"NO"
-0.0232803049150424;-0.726198106565591;0.506535078501166;-0.960188030831286;1.1192828025465;-0.593510863340006;-2.45187636108137;3.84898792837772;0.170520563597462;0.457819668885782;"YES"
1.54674727378832;-0.0592839792889492;14.530254803638;-0.969689836427847;-1.31225666660788;-0.747254382236654;-1.58619010904193;0.118703639393843;2.39255127516839;0.129800597822127;"YES"
1.0067926574554;-0.342876135580881;2.58733215746657;0.818787423749681;-0.727101346728058;-0.828771486163082;-0.0638564102458706;1.53916594758095;0.145235140173544;0.0968599610386041;"NO"
-0.0803823645600834;0.210277182101946;4.71968960329672;1.69692533566312;2.33516583187562;0.754853604014107;1.51147025209815;0.588001643144267;0.556661986282293;-0.945452550037919;"YES"
-0.903552495326817;-2.01257257654259;-2.79043823723054;1.81040809840202;1.05771270067423;0.0745899499671019;-1.37429270503599;0.358442156097224;-0.253550499320588;1.11764179169175;"YES"
0.473145102971962;-0.125220938958473;1.86958342612032;-0.341081304431825;0.943641098105363;-0.334694716030126;-1.79023130578684;2.37016580141295;0.666423305920258;0.134939672116576;"NO"
0.0347460937641738;-2.96098671876397;1.93423774661191;1.36253199983656;0.216248225439633;-0.0942775317387453;-0.420659678634965;-0.183736696303921;0.11359642256761;-0.71537669996978;"NO"
-1.52338459706839;-3.00737370754715;2.08829962953592;0.163449003479295;1.72500425592962;-2.07593889951427;0.453326876405254;1.46623471027462;0.75640593691558;0.395265544758266;"YES"
-2.51833505361223;-5.41632479785166;2.31005450406339;1.36252522560792;-0.246837322217849;-0.623144273806144;-1.56770530034453;0.133943240455787;0.262775965705478;-1.09000947259502;"NO"
-0.707529230566371;-2.8832285526651;-7.65254870940239;0.674282300534373;0.086176046086347;10.2328067718853;-0.0691865017670692;1.62538981660797;-1.02062993260366;5.67443000175713;"NO"
-0.287432882709112;1.79765262832459;0.677665620443612;1.07930818187322;-1.30075176029853;-1.15792492651149;0.213523697654678;0.196564338591047;-0.159694100644311;1.64277964257646;"YES"
-0.435308311476911;-1.27417938152614;-2.19987381284902;0.286092747189144;0.562314587074491;-0.690037245362475;-1.87330318429682;2.40839537500153;-0.0817781842211835;-0.337686927890241;"YES"
-0.343078770743297;-1.44443453189825;2.53161754784651;-0.80224854098101;0.0412423678723831;-0.237075507736935;-1.65452540932363;0.355822195314835;0.425867666726021;1.2054268211753;"YES"
-0.0393108840099046;3.03727146035047;0.535440600027892;-0.959359868507859;0.0465071897527028;-0.158927633522113;-1.26315703694337;1.15146868592887;0.0148672794407543;-0.562779458902487;"YES"
0.886965987723791;2.77882030706071;3.52594789120653;0.221708885095461;0.805975104222254;0.508667001999348;1.15418375023701;1.7157198984495;-0.212489528141399;1.10778602468712;"NO"
-0.359948400815891;-0.413770017119167;1.95435681976293;-2.18789232194937;-0.573662179585438;10.0004359114464;-0.422008337057574;0.770744384797237;0.303415075536978;3.89018116621935;"NO"
-0.728954270631392;-1.51363825727916;-0.254413679346943;0.350896967496294;2.47432768086427;1.03783689867729;1.00977207848094;-0.714557368659067;-0.185145364389111;1.00082904259967;"YES"
1.75174561927189;3.67750171882501;2.29231296329321;-0.373921671628754;0.0257566762841257;0.183847045219289;0.0562833480784745;0.452986836314621;0.249880752939397;0.791935035144451;"NO"
-0.0860385902321095;-0.556094838083877;-8.29854492961323;1.1297616433682;-2.1736461372911;1.07911109480851;1.45462184068584;-0.39211939639656;-1.27286462204705;1.15170852456852;"YES"
1.10636301587614;1.20083167206211;-0.893598391096497;0.894533838247562;0.538605671194038;1.06013219895819;2.06840771520074;0.498887512631271;0.0192652769076691;1.01006968087903;"YES"
-0.0191778372395672;1.37468494412371;11.4022267252497;2.56958806716989;0.641520991984233;1.09549568712709;1.0489883189328;1.35734874089646;1.36179277970529;1.30333397063325;"NO"
-1.49346017845903;-2.24736572315023;-4.62136182972755;1.34155162303927;-0.133065227855206;1.15848321945777;-0.662111770981839;-0.64099725189933;-0.918690150697516;-0.368025615606563;"YES"
2.70063662306933;6.06699882638465;7.00713297297858;-0.430401541993887;0.863126637043572;0.619756407692817;-0.160106900604767;-0.359472221909286;1.26387143750502;1.37653124002021;"NO"
-0.743694422243441;-1.59231895710214;6.2663272688473;1.16323725707316;-1.2607448872465;0.298263490113941;0.0862656495078388;-0.963104912263378;0.864442059093496;1.10048052852955;"NO"
1.06519498093684;4.08326125508334;6.34256828137559;-1.19130653495662;0.653207120844474;-0.410512121828581;1.18464183805091;-0.735425432152191;0.630051363072806;-1.24734745215617;"NO"
-0.0320817316649554;-2.10315353134326;12.1700102297167;-1.50766299710917;0.848869702807915;-0.218463373451936;-0.538356469865921;-0.945899280394057;1.75953112141844;-0.115492788072064;"NO"
-0.539959689339194;1.25163812176591;6.71408421229647;-0.602791135628823;0.88436657510739;-1.69566348981329;-1.90237382861275;0.675537828285395;0.924658943578039;-0.760999640539164;"NO"
1.24849112786506;1.29821965297144;2.94846897420691;-1.13232535265783;-2.67338096414179;1.01847966515207;1.16459218774723;0.393542611876105;0.769743729010041;0.498463352583277;"YES"
-0.192213376565867;-0.949802343695436;4.97635444880644;0.553545933892268;0.330911899234758;0.388092983674259;0.914508862102878;-0.786868109439587;0.544824426990024;-0.385503140996121;"NO"
0.911976231087436;0.915530084591463;5.81343463956586;0.588307064619933;-1.1094758636558;-0.280600679428948;1.69115479819146;0.311198470506189;1.12262893379817;-1.0472777615394;"YES"
1.28961053233286;1.80967075675559;-5.9479529631148;-0.137933886549539;2.42256237626226;-0.67653996807361;-0.746070387893774;-0.675881978807109;-0.68740390083171;1.74836928368691;"YES"
-0.428109965553826;-2.46405095084116;-0.828603365009022;-0.780982606850932;-0.0798985774389227;0.103428935695764;0.0752640963613151;0.164011878644619;-0.126768970458341;-0.584340389416717;"NO"
-0.255002892972946;-0.303956642668916;1.11668633187222;-0.460230937745143;1.9358048631775;0.594228955449005;3.50793017202746;0.96794946190257;-0.213588767449141;-0.771383800721536;"YES"
1.32715823880373;1.31182055953376;-2.35517656137391;1.86410126389098;-0.850855207979452;0.18897380145425;0.0654358678136426;-0.347965563469068;-0.624414976775935;-0.384515073755888;"NO"
-1.46500067717319;-0.53624692842801;5.17235163550758;2.52637472163316;2.06771534991485;-1.58091410435437;-1.91795835457733;-0.0210723381469387;0.605907636967483;1.47025134341957;"YES"
-0.616252697872704;-3.03854497581163;-9.1384279337486;0.268812761687947;-0.0107717870822175;-0.522540255863439;0.53305175431516;-0.716739775239979;-1.40401180521381;0.0440291053412175;"NO"
0.106105839406424;-2.28119506773742;8.3353996095548;-1.17511721391154;-0.564930255690305;0.767381530955415;2.52834121737085;0.733143877055783;0.979516170038868;0.112888043376782;"NO"
-1.84401675772715;-3.5840127972112;-6.55617305055482;-0.0888329396614825;0.79428373125857;1.64033182950154;-0.317463446131822;-0.650874089821933;-0.93468276886143;1.47776914008364;"NO"
-1.61642285371569;-4.65512734124573;1.16561810523009;0.330753023208468;-1.00269526036884;-0.390703947815312;-0.179406215839591;2.29618594741417;0.539174328205461;-1.13384185131436;"NO"
0.227676704136298;-0.971433698072099;-4.14805659262347;-0.738836091509055;1.38210303930146;-1.3836647932291;-3.26576375432437;1.30571387995568;-0.626978828422448;0.833238016436976;"YES"
0.92121670193883;3.14452319130847;9.01744466711002;-0.171941200769637;0.192365911424541;1.02502579474341;2.26869197900707;0.0900001281043086;1.0829142666655;0.475608511933159;"YES"
1.28723403098892;4.51858398822865;-10.8791339822221;-0.754191017980092;-0.265589546015462;-0.230635014215306;-0.275956046554202;0.906681338298542;-1.81620869305182;-0.527277679729728;"YES"
-2.20393312516692;-3.81870390417718;3.35745794775582;1.48437971910778;0.988668102298999;-0.415946086194553;1.18924011911325;-1.71011290762269;0.656052694919673;-1.04896436599924;"NO"
-0.522910348265564;-1.08487306155697;7.3053615627624;-2.04074820216349;0.314962733510097;0.349521692168858;-1.04773788105977;-0.245857639971009;0.989870873481117;0.114468859146337;"NO"
1.0807853101205;0.277508919593539;6.34942784979548;1.48995739841736;0.202389201937468;10.0873064307522;-0.956530700081288;-1.4272810753601;1.42027067351506;6.33103886810318;"NO"
-0.243141337615652;-1.88981209541644;-12.0126805388209;1.85075841951151;-0.480020459881506;-1.10984549496048;0.766169127123539;-1.93456673860523;-1.72170977408235;-0.561097792735971;"NO"
-0.909446562253103;-2.11392186919755;2.37323166737199;-0.186312428979907;-0.682327453491456;-0.124866414985342;0.999072160637627;-0.725760473702888;0.638943087690014;-1.13905164950164;"NO"
-0.868299507375985;-1.52319600264322;-2.33729194853585;-0.681838229377584;0.219926408683336;-0.0772916239205198;-0.647806721190567;-1.75483541974737;-0.372751927612554;-0.590668191799178;"NO"
-0.680009597813799;-0.433130041885134;0.394819936578318;0.0600158994767526;-0.807076699694989;1.39010859926197;0.655304091505017;0.0410343105126581;0.381673133769571;-1.68126164217865;"YES"
0.173214538708514;-0.734204455085976;10.2745727617925;-0.459197813112826;1.00218013304268;0.440719759131185;-0.416096422840802;-2.3169062822184;1.6916018014293;0.772227896942033;"NO"
1.69435049142761;5.25618784344464;-1.68441069854802;1.46764788091094;0.900522589129353;-1.65887988987635;-4.15104701622807;-1.97385304799463;-0.335138954509717;-0.0704136563983174;"NO"
1.23996868635003;1.32808439624427;9.25664452626412;2.88641568341314;-0.314607625514592;-0.0834417640997685;-1.22000986982059;1.44025258791739;1.70497762314914;1.20442931911046;"NO"
0.029436743147771;1.878468179834;-2.0536821097626;-1.42088190378755;-1.2979030558644;0.762655853344508;0.0587107525942604;0.8488801133726;-0.405973947387644;-0.617980178142108;"YES"
1.65721449904792;1.5979291132716;1.40429563724639;-0.195215590155667;-0.900546239064485;-0.47710475336432;-1.99942427472024;-0.392605997291516;0.35125677653749;-0.692541747443297;"NO"
1.13122314018687;4.46771185488202;-8.60961829953015;-1.06204645462408;-0.719779306000215;0.633794362274885;-1.64160295381941;1.00957695401668;-1.13680886979589;1.10311868259728;"NO"
-1.40241063212584;-5.05845802547283;10.3329802239558;-1.44454721837038;-0.848206826989161;0.38483231208395;-0.114704370524339;3.37579327414277;1.69185631187201;2.54100963225948;"YES"
0.156770461112927;0.526210233413226;8.9367684505381;0.896386715081653;1.29898151548901;-0.493059485186205;2.154900950065;-0.767932299136306;1.74844457282701;1.08406585633144;"YES"
0.867508596431377;-0.599579998348997;0.460280537224645;-0.841830642156688;0.934067464122863;0.657727966558814;2.42667489894822;0.271904956327074;0.124685496559033;0.268258619613913;"NO"
-0.0332351571017433;3.19815896334847;1.74134538199761;-0.0433268080949726;1.02152740077693;1.07173800026007;1.77769439497719;-0.427302395228273;0.532860814451688;2.44532742415314;"NO"
0.954064556326014;2.35090631563614;9.91048791665284;-0.158587795421383;0.695608204900965;-1.11273867449388;-2.46436012974329;-0.134088076335436;1.63730500169632;-0.73410875815767;"NO"
1.13009672517014;2.92698473003527;2.92386525064412;-0.396684215846298;-0.222319762905717;-1.38114339384842;-2.55861351073226;1.65094880584744;1.01498404376621;0.593362060976112;"NO"
0.393697312082985;3.51469320801446;5.52019020518637;0.678703930464812;0.68953355972616;0.0794744713389374;-0.225754832700759;-1.06675125604138;0.675487632367397;0.621559485254284;"NO"
0.376808327967099;1.70718372014719;1.84227515839764;0.414854655169378;-0.513912954958006;-2.57483977623748;-1.21797908395903;0.251792370752359;0.214290425542153;1.19103946093662;"YES"
-1.3298034713483;-2.43450309662713;-10.4843512182478;0.0684291611157926;-0.562658696691448;-1.12933336207506;-0.0327068229320717;-0.0720558181809681;-1.64831284168936;0.467885501031193;"NO"
-0.11829945251477;0.989096485199701;2.60488540682779;-3.01176994525;0.316400308518634;0.388281896849491;1.44145106655972;-0.183832125255707;0.406566830936412;-0.0701118487313816;"NO"
-0.2978817647743;-0.751222057087958;2.00959728489718;-1.28741749351415;-0.577087396258847;-0.207696372097039;-2.50642492870206;1.67779834515547;0.471367566621987;0.973688664829536;"YES"
1.67843072799152;4.91796266487206;-4.08898418572202;0.423540287531741;-0.232314255178972;0.505705638047596;-2.31003196527036;0.283857616110519;-0.841451822878152;1.14762531552224;"NO"
-2.40000254062929;-4.72631033660716;0.965041805535398;0.357677827832348;-0.656286250865433;-0.130359212099227;0.787578521576012;-0.724478838401754;0.191345411720292;0.429079155157339;"YES"
-1.3498428850714;-0.068231758343309;-7.79274733820052;-0.360897391828773;1.92479138400988;1.21041194081213;1.39266911662436;-1.23794135376621;-1.34495247964234;-0.637917068867014;"NO"
1.20200789578675;2.48233501873964;-8.8152442065403;-0.171065581663048;0.438533162134627;-1.68993030634856;-2.50171603250368;0.607548533546968;-1.33975586209512;-1.3094526205311;"YES"
1.29384271937366;-0.511775827654191;3.73802139397907;-2.76863522702569;0.519552977129477;-0.731123983767377;-1.43265443394186;-0.537552712877816;0.606006477599984;-0.479924346821055;"NO"
-0.05959434618245;-0.675120866681333;0.861335737802487;-1.12570248354298;1.28590540910721;-0.576550723368788;-0.158060661932499;0.0596682300254405;0.189755245188844;0.472378787316435;"YES"
-1.45343930439156;-1.1814141627139;-4.14835118722336;0.523800504935017;-0.249105060587087;0.672256376489307;2.21840286329496;-0.451182968161039;-0.748827040924596;-1.05099463879265;"NO"
1.176169089352;1.57880543992404;7.28872254634728;0.453194439982115;-1.58812835887555;-1.20532254352528;-1.38711342902482;4.18128563798133;1.25488738523269;0.772479437861609;"YES"
0.864045078175989;4.01360324485224;1.82435881117206;0.409999243348437;-0.818682567544109;-0.619808061112855;-1.36024509353405;-0.473040933366817;0.364594000278685;-0.324749071408102;"NO"
-1.38587674502157;-1.79476796213151;-5.72028510056535;-1.36064364940644;-1.12234904437033;-1.82077813344321;-2.02507462777774;-0.534406681101767;-0.849340828238286;-0.779426511727599;"NO"
-1.07304684391546;-2.0079375736926;2.62460299509384;0.322120505485088;-0.308932535744875;-0.710727751513227;-1.25881963684269;0.942592212056134;0.693407821772099;0.332678205239939;"YES"
-0.941425503196343;-1.97859919862843;-5.99003208761388;0.210789956374728;-0.647832973818281;0.698074986512705;-0.0253037822206116;1.92118833529513;-1.27321250004608;0.297731717862137;"NO"
0.458962206694782;-0.532700119282129;-4.64065358626538;0.325310248742784;-0.439572065381196;-0.0274141718295611;0.851312083718404;-2.66883095942506;-0.78310862448498;0.299377754700734;"NO"
-1.193445071998;-1.5373517845026;2.03797615873568;0.639388033120411;-1.25120407120983;-0.366310640943975;-0.445996413193401;0.236740257686705;0.0701189701795554;-1.09578885340032;"YES"
-1.77230491079952;-5.19143153331896;6.35024741154381;-0.281146631656643;-1.79203220007911;0.174329592412128;-1.11810436529048;0.434897644858457;1.32791820833091;0.312400561685113;"YES"
-1.28237031255411;0.670277758009013;0.360334372167995;0.119265140218831;0.231498670338443;0.485451827201591;-1.31823532890038;0.49734058010556;-0.335727648193148;0.271119665850207;"NO"
-0.312134660980077;-0.11396766157469;17.9902114521485;0.499780468659906;-1.49543595613281;0.793755616882494;0.759766050119798;-1.42657338442348;3.06089664915616;1.88922417738652;"YES"
-2.64384976770901;-3.85009472279852;11.5215907043286;-0.246184504237396;1.08921322811459;-0.663985504125197;-1.90283320171795;0.352311545070644;1.95144058814826;0.880909594836967;"YES"
0.8250223767992;3.78271446580823;-1.78180311476005;-0.98236912431825;0.842646667323825;1.30683370280747;1.31207618513864;0.677213231425577;-0.0486384950431101;0.45317612569476;"NO"
0.306926313210414;0.364461055712561;9.59385012142672;-0.476110792632589;0.0160774752003524;-0.198910493700253;-0.25491654593839;1.35825761968037;1.85433479150492;0.823050390660369;"NO"
-0.0580394581709226;1.06628561066384;6.18116075515262;-1.16671709262516;-0.431056055691563;-0.235068647901994;-1.09588573438256;-1.58442900312342;0.820032727228339;0.485693498898768;"NO"
-1.92333434248037;-3.59954536492906;-0.29972168709103;-0.456610156827344;2.0499220905207;-0.26290882481955;1.05402644053526;0.227826599573658;0.226326440195652;-0.700769868727842;"YES"
-1.05271518447267;-0.991900277789076;-3.45487281696233;0.389137430330692;0.03240098164301;1.56591476610517;1.10126908325957;-0.43428331558205;-0.101325644870229;-1.94449976645785;"YES"
0.890397761925994;0.63409351169805;-5.01543929699953;-0.0614828912874598;0.693470509135517;-1.14858710684033;-1.27750273296116;0.175036699335484;-0.958853365725309;0.0331031705345467;"NO"
3.54114027762577;9.27445744326944;3.62865111398141;-0.196565489828642;-1.176581187083;-1.06366386459738;2.05892814302299;-0.0292386140478352;0.780955764870086;0.468764790105077;"NO"
0.741510742687875;-0.548123097202843;10.4276155942;-0.304174869594288;-1.25587578133652;-1.05965030625433;-2.03122638876947;-1.08256373794291;1.29354189992507;0.692319602951021;"NO"
0.17993845419171;2.51765601239351;-12.1377192060667;2.20179649408854;1.16197405837544;0.429412341302265;0.45759363540015;1.55383450225106;-1.49514012152047;0.678284405857908;"NO"
1.42636484940947;6.88623674856184;-3.45303646072989;0.943907276480229;-2.43859045326747;-2.16510927763802;-4.22764868754385;3.33855247507158;-0.429177442830201;-2.01253309896466;"YES"
-0.443166789482617;1.19882734075057;5.25900854245726;-0.0681715639307089;-0.248861139908559;-0.150793195569594;-1.262188465606;-0.0930282280817949;1.00597735521501;-1.12233385526692;"NO"
0.367189986651816;2.38726624718418;-0.931596345308888;-1.4168542050632;-0.839832866454337;-0.268790419379788;-1.02925257182958;0.240101359614725;-0.283745843861101;-1.32948833586321;"NO"
0.69582169611066;0.984085493168612;1.55604434348473;1.21032249659619;1.07850028093315;1.12907370197264;0.86274507164266;-0.910824675041742;0.415947453624291;-1.10665003157613;"YES"
0.933444728611784;3.5952457258076;0.829909493149116;2.09260910906534;-0.535727416729833;-0.332443163574802;1.50657090614154;0.511905141140247;0.0902826000776278;0.769120476432533;"YES"
1.49188908255981;4.06428039372228;3.81129494000357;0.217071902760752;-0.0486919210964693;-0.956540874770804;-0.373555281923901;-0.818200484080871;0.992035321255852;-2.16674840624275;"YES"
0.226795956909122;0.349028311428715;-3.1858204046437;0.208731168103054;-0.406492747828648;-1.72317932633878;0.681065939051219;-2.41060741269958;-0.821361306451671;0.0363602787615588;"NO"
-0.0627786916919148;-1.82744393897495;-1.66139891221632;-0.116463118071832;1.0106556726713;0.563719291274852;0.0808707899128402;-1.03486752128706;-0.023154250347178;1.43990715347004;"YES"
-1.00593093995471;-1.93515037855984;-1.46336683423287;0.330022419737053;1.79846294814739;-0.204195428606689;-0.706703657861172;2.23876936303562;-0.49186779215836;-0.927628500654812;"YES"
-0.750984947598099;-0.29028124801656;1.56074538390636;-2.24543511832136;-0.672865914199382;1.39958656891689;2.14829009343361;-1.32597163460756;-0.0155384590202202;0.0531261001965004;"NO"
1.74401638235168;5.50086086348743;-10.3068534628423;0.578298536267441;0.227723154569644;0.583987659103749;0.686284261113459;0.230038562109213;-1.78790266462004;1.15302399974614;"NO"
-1.18760009145738;-3.20120320619793;-5.47284945216174;0.341146085352647;1.17884939245242;-0.242858895860777;0.17092329872155;-1.30645545546634;-0.810597222938425;-0.783238966738092;"NO"
-1.56982015936441;-3.62688168120542;7.43435310935295;-0.154379561566429;-1.37868722955881;-0.357696806528418;0.0911022438578753;1.89154637466454;1.30256649621161;0.497221857697771;"NO"
-0.585326963885417;-1.14509184600648;3.02241230278423;-0.190488146081715;-0.0880898117825742;0.826591627533894;1.5606869068666;-0.221417869309233;0.437132656261037;-0.226224906736567;"NO"
0.660319197563339;0.832354452024339;-3.33912791646233;0.999005844929553;-0.604389268668465;0.275527207108112;2.30004098981066;-0.366391217843119;-0.715735256495319;-0.771542611053125;"YES"
-0.637512548984567;-2.60371630646036;-7.9927479950015;0.128393103730625;-0.534004189141965;-1.83199494663083;-1.27545591014102;2.16292956137717;-0.981595892658747;-0.321205260414572;"NO"
-0.539021633211281;-1.57513881907828;2.66502430042375;0.00815191651142328;-0.219068127998234;0.362474169423564;1.93155067137396;0.3343628064938;0.822126923491479;0.835426436886954;"NO"
0.951520233554304;1.88725762795304;10.3239525658716;-0.473661877263126;0.0495558687120359;0.893270004585653;0.174636693060653;-0.674420612422536;1.79595697579448;0.761266796189058;"YES"
-0.10557984584728;1.93887294828755;2.37236464597285;2.1813687069026;0.23739416223989;-0.417134540601304;-0.0220226808416357;-0.660413122797982;0.272553820441512;-0.0353560829424194;"NO"
-0.374069272769185;-1.8797545100196;-4.23321722509542;1.07127151576127;0.118207664125708;-0.313155452870139;-3.04799365896695;4.05862726625914;-0.480997080237916;1.1265819538429;"YES"
-0.176232580823911;0.391825272107577;11.6313268416652;0.447354147131817;-0.81991319224267;0.0483329304033762;3.0134595800328;1.58056728208588;2.33231817722722;-0.0741892318362608;"NO"
0.276483307920928;-0.748976347842612;0.989310097721651;-0.00998470204882477;-0.336614665180352;1.29345558418107;2.51418042143203;1.22553418979045;0.290699183017859;-0.837355504212676;"YES"
0.236332592661207;0.305340112878638;-2.3484062663027;1.69770283834404;0.461047617995188;0.203011264988436;0.971076029329451;-1.12134151448044;-0.2356739341423;0.225075509502347;"NO"
1.78539022670878;3.34138603701883;-0.774415527822886;0.541323257418409;0.243137665157133;0.808251175067295;1.62410729818745;-0.400165304836978;0.0725098592896258;-0.110951194674686;"NO"
0.212940243092106;-1.91863710395599;-6.91104087828971;-1.50848802622577;0.534107103315952;1.56892266078305;1.52217728813865;0.0112349924431493;-1.01503688279163;0.443281666432277;"YES"
0.884692146050677;0.164856881159326;-1.25245621971348;0.221615406905238;-1.39813512075197;0.5745705555608;-0.308418828654479;0.167464737250478;-0.512116239307272;0.131243674158232;"YES"
0.317230577125748;-0.346672203325865;1.16123914204559;0.00859409544877919;-1.17785204839418;-0.202817163253119;-0.153991694203437;-1.42226043331576;-0.173129115467807;0.918291929455858;"NO"
1.39571911930986;4.55951266092644;5.96253975797813;0.293424180856246;0.643742095335189;-0.153098901311703;0.0258065022355577;1.09343998495386;1.36777798870348;0.182076308443799;"NO"
-1.21122381679601;-0.995172867497338;-10.614556871808;1.65515924643595;1.69678984303803;-0.621845594092234;-0.49066152988799;2.61804404240422;-1.48152055723954;0.459239777265581;"YES"
-0.204141660797423;-0.246417800664772;-2.05395620719798;-0.12549866178514;0.69135632409115;0.368497941110811;1.12124261805268;2.1833522229777;0.163426251453752;-0.626558834674843;"NO"
-1.55245132607939;-0.726221567516891;8.16662251593407;-0.23717616802599;-0.30766865456156;0.0157120060324514;-0.132282360954827;0.386689464187973;1.53151685140884;-0.282082952157883;"NO"
0.518049668614929;2.27525039080977;7.03527792674631;-0.417980657679755;-0.0526481254756391;-0.883055966808603;-0.184094038075238;0.169938391183351;1.04579371762709;-0.416760822800884;"NO"
-0.418840303238381;-2.19582080051231;13.9544728143077;0.242586879992407;1.22756523003828;-0.233728663909942;-0.181401940890553;-0.486430608791896;2.13896749548342;1.63017692735125;"YES"
-1.70945321567921;-3.99100041229027;3.5477747992731;0.00890860416724168;-0.290953842038097;1.08272583143515;1.1622522265358;-1.5582960463808;0.547298546317608;0.486118110515694;"NO"
2.48316267137122;3.14085395335731;-6.72996953768415;1.25272315918052;-0.860741636563916;2.98347205887577;4.81622667690672;-0.0244228313433749;-1.0122806948117;-2.04200191315927;"YES"
0.498033735066409;1.77436984878529;-7.05752444971234;-0.637587330487521;0.511610807418472;-1.83494549964142;-2.42573408519683;0.724190346582217;-1.41193561332956;-2.02688268542894;"YES"
-0.673868205198334;-0.535232791579497;2.08558233177294;0.800110875055974;-0.49504064691371;-0.486846673784127;-0.282503500782022;-0.769892157299357;0.124835815253108;-0.557481819675324;"YES"
-0.886981395611342;-1.57881682006537;0.100266098434159;-0.258093952188721;0.268790926833147;0.1148144654904;0.49775216972803;0.804302069992598;0.439657505809694;0.223862417035975;"NO"
-0.871275078229035;-3.64994393583696;-7.72907677734506;1.27225789798251;-1.1751018043503;0.771019076443181;1.90200280434882;-0.715294313121968;-1.53393782611912;-0.437725817141073;"YES"
0.725341646372726;0.604311037398194;-1.4798288355952;-1.3589352141689;0.221825538911155;0.318228727018188;-0.106909282611217;1.37931712084629;0.000372306760910076;0.967216778750851;"YES"
-0.117222374314147;-1.04510691081671;-9.25665239224555;-0.759986563440039;-0.553162078621769;-2.57319525765896;-2.08644102160987;-0.631674050633492;-1.36072885999273;-0.191585485684717;"NO"
-0.0492463549281357;0.0373994258917991;-12.4753027659747;-0.575795780257606;-0.294583806175463;-0.458050003966019;-0.51275596964109;0.360886776804516;-2.01117382727879;-0.0418678779786147;"NO"
-0.560719759935025;0.837630057096268;-4.30512158964874;-0.524956882294166;-0.127191085359953;-1.09804967602124;-2.79413558675069;-0.741151333205773;-0.818851458263921;0.126945055436003;"NO"
2.39915486524696;5.32633957204997;-0.211031372608033;0.399262504420793;-0.86047006073409;-0.515160435216267;0.224138807529401;0.0914574045782963;-0.246855426282719;-2.77253930302828;"YES"
-0.0898721015980383;-1.37507961569057;-3.3902979931628;-1.12412167946057;0.387263030972821;0.0660060195530065;-2.41936552621413;-0.385702347660637;-0.694581161462711;-1.14637190177542;"NO"
-0.821648417785606;-4.39143637113803;6.57463446300272;0.533832013620584;0.0359477676094773;-0.829412732358813;0.318851185131842;-0.722139042451989;0.700918967774402;-0.0128687172295495;"NO"
-0.286961761597124;1.07986673570961;-7.05443196132157;1.49264669301019;-1.4112627235094;0.0158625912746259;-0.895115547223006;0.662207532138665;-1.147500735682;0.16107685174062;"NO"
0.733581035729101;2.63726635414197;-2.54457563674399;0.692324249010569;1.35831358327575;0.245202537841111;1.4860177184305;0.446968674159132;-0.265083937692687;-0.473170850170573;"NO"
-0.348979771348709;1.21247843338826;8.09407133848434;0.380568278170471;-0.364446820094849;-0.250572941082248;-0.265252962985132;-0.10769780746199;1.37630360891019;-0.39758870631619;"NO"
1.28352566424672;2.88874328813446;-6.68391561074914;-0.544965602399287;0.785226283617634;-0.00746564661333399;1.24862514790248;1.32086956927423;-0.646159644743485;1.2887014803949;"NO"
-1.01448804888177;-3.09156603118318;-1.48913736303199;-0.203089920767589;-1.23139022948967;0.096437173228849;0.413116460048801;-0.231736637918697;-0.228356287932345;1.72687773685117;"YES"
-0.510064274107065;2.07412155570852;-6.73386338229958;-0.39740415870548;-0.217947715561944;1.30801316206222;0.0597587349663984;-0.00794483258664589;-1.04266134978017;0.801490793713787;"YES"
2.0264704724602;5.34173275937971;-12.4923076570472;-0.244352217733724;0.39106860913724;0.112046463231287;1.14068986026869;-0.449633747489428;-2.03263029118007;0.856467520169866;"NO"
0.900905638410046;1.10846174195143;0.73831529524435;-0.157096052142711;-1.14543523515962;0.751582220794722;1.93769482214906;-0.0360937726176687;-0.293042207566096;0.221450508857851;"NO"
-0.806836740993142;-2.90424450903609;0.40999464158374;-0.874518999266962;0.564335029102238;0.658431041774919;0.631459918455621;-0.0641610716457916;0.425721824203196;-0.303083556496806;"NO"
0.644124123759206;0.565149503806957;-15.1135741460166;0.644548603139884;1.04447364258892;1.30437005716394;-0.154882347731532;1.14986348895528;-2.40067923781796;-0.214261681022607;"YES"
-1.73170351124497;-5.24724786893024;2.61500015562585;1.95810010669221;-1.03888254943889;0.17244143149088;-1.12895965915249;-1.7420156886602;0.178986196976088;-0.627506330548002;"NO"
0.261920662608966;1.08202708590726;-3.44395375651589;-0.149832338341066;1.26820452535589;2.0574619283444;2.0759494776057;4.46356305782324;-0.300051371195139;-0.278966011205943;"YES"
-0.916697598109318;-3.24942640327512;-1.27567772147626;1.25015437159057;0.0542166873096416;-0.236557601002067;-2.22330676811421;-0.0130960863623636;0.0164984485324826;-1.52447420315793;"YES"
-0.568564475149115;-2.04483999180911;3.9544775911741;0.145898734376576;-1.70379480904668;1.45251544145281;-0.0188789345154003;-0.394019917017704;0.395555903728758;-0.193399078219537;"YES"
-0.865820441753572;0.238955778432152;-5.46384458870215;0.344228931444917;0.00296768255616256;-1.10812074605615;-0.1255740193862;-0.0528210235164902;-0.550682256037531;-0.619223667736014;"NO"
0.825493911798051;4.25345386766808;4.6749399252952;0.506532645771325;1.58476803313216;-0.50251760186324;1.87000107089078;-0.121004252884896;0.64601562690623;0.273723424885728;"YES"
-0.800132284207327;-0.957608031233687;2.11678728047243;0.130399013104429;-0.511930213275989;-0.971015386150682;-1.48826296924068;-1.3118424505898;0.614530073621653;0.190636445095058;"YES"
0.975830086784378;0.378406418530487;-14.1206421998095;-0.33016451685869;3.1580335036134;1.40864004237438;2.25572166909597;-0.577046280221972;-2.37528683685913;0.762146893813624;"YES"
-0.106031163959467;-0.752229047911834;2.49005100768105;1.2569489292076;0.860961518249175;-2.72567036335708;-3.62213357816381;-0.591357435222401;0.390179064547443;-0.769631082708822;"NO"
-1.34406380514536;-4.34207310252177;-0.753008583201935;-0.285041430015062;1.74072183467135;0.0278506863349493;-0.548052448221385;1.57481951726051;0.129525344234749;-2.12645609769407;"YES"
0.443121828612795;-0.742774661871411;-3.93462585985559;-0.94804189166216;0.716429989500756;-0.977226183382349;-1.04476459378806;-1.42328992177048;-0.76328143454488;-1.39747571077796;"NO"
0.961117741663397;0.451794171195034;-2.08770966567466;0.341508904888941;0.835652420873299;0.133476014171644;2.44374332663043;0.0534919429687878;-0.7236635507166;0.913311636047216;"NO"
-0.241435816655688;-1.81053763592034;6.2161994079065;0.442440065371767;0.383205785234378;1.22831433672494;1.95328138052236;-0.427771440163683;1.10372343351523;-0.0697205634325792;"YES"
0.0829548911082895;3.12392425720104;1.38692095238372;-1.11636164993678;0.604331515263348;1.09415550446451;1.20560833960818;0.221647619775862;0.0132646382028152;0.818584089552537;"YES"
-0.361724757768244;1.85917786300129;0.532827767473029;0.382290808511154;-0.213287215056605;-0.625160591868851;0.586398695522792;-0.767779959709262;0.392878080511818;0.0908814304769965;"YES"
-0.344730137687429;0.324163206708807;5.14162372732552;-0.385287489758465;0.104394376521004;1.11269381239397;0.0577398426925699;0.930324296505222;0.663543658338805;-1.26668536098654;"YES"
-0.729685074040496;-3.95829832109589;0.780248425356633;0.178359554043435;0.531080013936138;1.08400166619889;0.54427123773346;0.829223424711563;0.107837036934026;0.211138726868039;"NO"
0.467829711920054;-1.36104761833789;-12.0855431228935;-0.930039012933398;0.420389356528361;-0.786257619443808;-1.00085430230073;-0.63447204023365;-1.64632846162078;1.41237546893026;"NO"
-0.372645250551315;-0.210405288187059;-2.36633320422166;0.332305493623118;-1.08673959898058;-0.534969304265971;-1.45684008919259;-0.618567491822809;-0.516912604079495;0.488785032609764;"NO"
0.21016168769331;-0.567843580782208;-6.92544605982539;0.995741897023924;-1.06199329742605;0.17955779336792;0.175232364026958;1.5473803309502;-1.05478270853659;-1.40367983974839;"YES"
1.28960830567623;6.04976038725507;1.68518339942775;0.636584323281198;0.568382749711989;-0.0111274556277994;-0.110345169482694;1.25317310283787;0.323283760283615;-1.35415847826133;"NO"
-1.62683954986708;-3.27613430128153;-5.07181194028198;-1.57193533872909;0.901118898960633;-1.0714595227101;-1.31637398279199;1.44359514614207;-0.29155628500303;-0.0458395711072188;"YES"
-0.783536509683378;-2.72929628257316;-1.66406270926598;0.637025521932632;-0.250779159490188;-0.392625355055633;-2.4807169784913;-0.748620748108999;-0.529380093933206;-0.362490368774129;"NO"
0.510913103456947;-0.0554157537338826;-1.80124284266318;-0.779890718108963;-0.225313796799457;0.570333306129199;-0.592352704324698;-1.30763911810303;-0.431272314281456;-2.31895611256667;"YES"
1.21762605593289;2.56833555843924;6.43429672809151;1.20926528166919;1.57377682659059;8.17829213140885;-2.76327904974653;-0.219774371487374;1.00617762916167;5.13287015363254;"YES"
0.210293633324938;-2.17488534237383;-6.74898080141442;-1.2498205253771;0.87682218938481;0.282328873395018;-0.306037361373413;1.56275972512197;-1.02496715366981;0.0353575211072397;"NO"
0.468865965505879;-1.47902296588314;7.55805663680755;-1.53317415025493;2.57226555151319;-1.27644051663796;-2.35884553710032;-0.0314347459374503;1.20288955855541;0.337052379463393;"YES"
-1.90434257226243;-3.44706004861517;-2.23916388302326;0.507381965167575;2.13442623041152;-2.31834792424864;-4.28240339295598;-0.621204410461958;-0.220404735435965;-0.362587422281559;"YES"
1.23840228464858;2.70668700015866;-1.01418199752791;-0.244139949836256;-0.308587055787949;0.197757400717002;0.861594290088476;2.36604588648907;-0.304192952372059;-0.4748972007262;"NO"
0.390998891457648;-0.107769684421217;13.6952822004473;0.638289928749932;0.457511869218479;0.384729190048117;-0.0978620575533516;-0.0518113310539966;2.0550582829743;0.0363378833247385;"YES"
-1.61880052176578;-2.61119828374107;-4.88497217640287;-2.0837314470146;2.05705581834072;0.269002066779412;1.61860055717356;2.0030305424094;-0.625265249083859;-0.775496796696375;"YES"
-0.690843363623055;-1.81959103693669;-6.20420318864188;-1.8677457919943;-0.676552409043001;1.17673508693872;-0.0643524338159391;1.04345970720184;-1.06849849373522;0.577583197391902;"NO"
1.40544562193991;2.1949709572223;1.6016762832068;-0.154553927321965;-0.728568511828177;-1.76667028576077;-0.393916432414271;-0.0099955456499759;0.497331145324385;0.665627646392789;"NO"
-1.70134268782504;-3.76909073463407;4.93491242429088;-0.26885849780184;-1.80053727133212;0.596500031359393;-0.213309895205307;0.126235723964029;0.678354546205052;0.0307278932709548;"YES"
0.192245597277143;0.601747099922891;5.05230813394564;0.921947637310863;0.845861896056337;-0.747490587953742;-0.753977911392605;1.00068854093988;0.767327925768975;1.1128965581121;"YES"
-0.8085558633488;-0.130003584714484;0.263092954126718;0.434397227482938;1.2117636987528;2.14161555997812;3.76575096494087;-0.0310152978903164;0.246383348551518;-0.545117921619445;"YES"
1.73734542796118;3.69041050800697;-3.61541017470248;-0.892786695206108;1.39635999631161;1.66556656712267;3.18046518163093;1.54845054794323;-0.744693118790282;0.4080698853093;"YES"
-1.61247209388646;-4.36735136513175;6.4499212015708;0.361120525921741;0.130677500074433;-0.20284910660118;0.219669583395168;1.09637608621373;1.06028252183258;-0.683586011510641;"NO"
0.65374019880081;0.649518790246568;-1.43673187623591;-0.489470610650542;0.890084199101417;0.293732035005354;2.08950629053857;-0.587727890086516;-0.0935933324909782;-0.891313469975258;"NO"
0.754608487834512;2.4599420824937;-4.6634550457174;-1.39840770987217;-0.941323693650468;7.97971123150076;-2.95340000257242;-0.10875916455547;-1.0467541178582;4.71877956534688;"NO"
